10000
277356228
505713286
19106292
436101546
609508904
229369799
186640747
842021599
997299113
716681975
992112066
332850477
54723696
949851369
978760756
279343105
133853505
706406208
504298668
683775600
15997598
522831943
596847286
403644222
209871344
852354318
713496388
982492317
670796781
99828417
453623556
400401138
667216788
816972147
202813174
640773952
484737445
342853205
998296764
960339663
408806982
546796474
55133401
408903060
833648341
395656588
26391242
338817412
550922117
666026537
37500911
567846159
993842558
712116684
605254859
312009119
220741285
793497833
67350746
906893438
985426925
550667833
198706806
873315497
515577849
623354950
761617717
126177337
797181795
16880309
183011042
110671258
557469487
901447598
645136943
760396138
706281093
138295146
648903796
858964166
338552758
167515873
792532410
406099750
676136688
145427345
524031272
257911705
176195609
663073003
902591675
926821873
46673089
387917323
542484820
96363554
93283281
945591698
24976119
196526903
443124209
928834477
801262399
266574431
929257992
589180102
761492887
813014023
893932777
534352067
876507490
292127378
286441108
583558812
74129262
228271259
826060871
212887116
108946792
227963473
985998236
654716450
175050474
138367957
976316934
291471009
323707116
372603037
191830271
245390484
508778305
287913989
595871071
349092813
924148150
38780761
761412594
491910482
422986206
256567871
340439898
93132843
880544264
302300798
80003631
515187221
537997522
724674419
541043775
728886633
358474049
660230935
784397460
835672039
123357654
769931103
669134797
247618346
358126420
225290337
925449942
623408927
505417952
867349542
263251678
98927282
867956477
778952609
838337430
91376297
357869829
554186157
543674612
666841188
582802176
846169262
227435720
462443080
260683349
123274207
427588569
868390107
372869659
799293487
504319925
913462467
132547309
680236363
576281957
310774244
938898076
559887938
757669203
847687685
133591075
266371257
412746436
708819777
684984509
874221383
223961651
418515422
451026723
290757210
32180634
454661748
383154354
357741220
544015249
320020033
999445890
362906925
823503600
501968942
249012279
802791689
217497814
267798722
184227288
120090810
162363626
969780954
375509105
959828015
793517887
199319398
382468761
439039119
737771913
24425485
905254251
238951355
555292417
535126485
219796122
210792663
679875006
303694577
231291244
303086928
336386111
349458536
749032546
612780735
144485428
283094483
925591994
598417742
124219722
926433131
201821459
709535552
400584318
906120024
215605084
865815233
732008461
193919488
791206008
70480894
424036023
825579155
858744252
851116255
116423303
979940196
759820248
134476097
964622673
579200012
867902264
616737127
164178705
272657441
503679302
608279517
893284742
480557991
668733607
601746601
523262836
72219786
728188935
891450918
425520283
126245097
252707223
884616913
746846824
18280129
30092229
164163339
963760612
293742062
263080178
544235083
698252111
284160407
779715911
386705304
450512633
448608175
286352571
181265896
217586501
658417042
715338946
50465130
625665490
692849017
907042191
589875516
53666654
474513905
177382353
780955346
417173540
74644773
851934529
908208830
524272282
114464072
833885354
742645187
480810301
631539407
690312062
728007734
319123561
369477559
676253910
954204747
833814492
661251407
188922146
614471037
433001345
263877253
501643457
240053702
123478422
976553581
551319872
638478529
910190309
276714673
770493344
735143310
871211487
324260931
750427330
637119328
679814195
802005832
369585882
724504953
115852518
810245745
911544413
766547171
415309198
557675442
798881004
719471132
862039556
738364450
850034681
405150730
401653673
55149629
248963228
850189761
23992521
829101201
658138845
60165780
542534269
948544854
306864090
302628288
778489517
171913760
749675705
952672433
297138515
303465350
727712963
130521855
644001816
347629441
111304608
207013012
571071235
788632055
527002777
402987170
130475352
561150340
772384534
81975697
427522284
790444159
146020845
16507890
527843967
178523374
745646738
950750608
749205406
769197386
329369210
599557462
280194494
997768917
46874780
275109814
991982219
359677987
869826700
732656361
845882058
274121955
74295493
63583701
845083457
906609359
490861726
615825326
88431245
166649104
808483551
980045941
439853555
282883647
671986474
945199097
937579083
730781812
218314443
996368226
447703618
542208829
62414532
389084488
509831655
214438520
487448808
693504894
388005895
878246699
699877486
295654542
928820932
770019734
253447386
511846188
17661964
869410711
923595310
875468975
459361173
890142421
178008077
654766532
528470109
999348560
211736626
156205403
477690442
12732499
622441618
728287512
624324569
474717996
829022474
636617882
651849196
242483088
932461035
447414069
222590828
389348980
372977018
313618426
839644006
655548909
610966839
602444389
281079189
212791136
53710123
407037623
777409765
418009571
980294345
835443338
653051121
877714088
67981349
890141332
752615155
322247024
508354436
358624625
898192695
293113266
617970767
544698471
654270550
957187103
389940655
77477828
951265235
583731021
801543671
266112603
855063918
874032324
244006820
227624839
122763094
553237213
707953319
895665211
24746154
733854320
120560286
753433706
730355565
120933229
371877247
930664746
684703487
796053271
443270861
377044893
208604975
750056994
847556954
146737907
19529795
88775198
573393760
245497464
681474022
625647138
903462969
929813080
180139486
521896377
61591144
430075920
710233966
645129748
647507672
845466182
599654421
559743496
733908642
376087429
941102110
946019761
403532343
834348501
688686571
358679562
636223605
542680298
112879086
769000895
236192141
351338528
424469586
892504187
134473294
993597242
546159607
971783237
114824363
362657026
44166678
380150924
351316075
897982411
157459302
897715470
673465185
298503204
776692817
912269210
239270105
205451033
659786687
605514720
296737170
465026347
561485228
440936406
408409466
81275674
357294681
917499835
422766338
946172416
334744074
500285808
270010334
468059310
241139798
270924035
530903164
57239749
921681948
87649690
917164523
184528623
461279000
469776627
843643971
620791564
154584234
852937385
788620698
672937306
447805746
941423947
709673594
108550668
505496191
63874916
118612541
148898785
810973415
37020289
635387570
213514863
748743885
34850925
685525183
481360194
851558515
326513180
856326880
606048213
735317792
729068657
981684241
938211610
529947624
210754163
872930349
241828542
466880338
207300707
926847886
283200404
921804548
545341173
275835850
91608048
570340233
435985861
638673945
398274254
941816100
36779300
991711445
305354400
801525772
836176214
228082776
892678105
428992911
195697035
909073988
874533205
948919813
732573102
649759121
175873521
616871289
262125187
807331314
383154741
495000497
495635936
300638920
581936429
987680338
825404117
129237690
467142955
26686962
147801632
921628110
145507970
398406044
930555155
288019773
952957742
574245853
762255263
871870931
993712170
68619992
81413122
320936438
374270060
980670387
883862238
172933784
892094754
529766764
185759763
800935592
876635565
470495387
527455564
316224960
295731724
259599141
133166567
510918968
496519534
781591300
85929566
36799480
116446873
196270134
310947121
293687862
342482549
809454669
797967103
238018561
418604088
12011481
469293881
184044487
10351093
81134980
829875575
375056306
903356077
103074793
550157170
383803088
51278294
263492493
945481706
301415000
935159936
863962609
14652041
477701135
871599464
940199045
506216184
165056869
695815799
296299461
486387639
784152584
70404752
13738536
190234315
901183733
597934241
100163702
762572940
332733790
702792683
177246945
889258085
108232496
938445209
385419119
911791428
264019115
819752912
994631022
925010773
776796947
803684696
276553012
917323519
661264409
933611802
30035076
480424180
170631920
534117962
803233650
300201746
703990892
572998860
485062288
205065287
801799647
147801884
951166141
536083793
661576845
307269905
232780898
614361190
595463076
807443427
358092677
684698640
702648521
86740545
814411736
890843303
791081500
639852195
509028891
97034243
925458390
324165462
212839591
657801905
960118705
198291998
277914953
807311142
784430886
18362706
742811416
49137430
841998060
12799338
204189649
357648919
650504681
379659882
296885670
236640647
925477303
244524361
583041654
13540039
515918703
491515539
819587626
607681512
107476662
389475945
900334285
370892878
99395160
239638217
122291078
618057463
569236306
17681836
868334003
278497559
30697163
763829419
606014207
785925001
907359103
880089394
851821140
780084986
830677011
258451657
995449695
38478594
382891299
144020469
643654487
400672910
514426911
167590769
948849772
366554902
16904779
871760221
525231969
244575739
802814899
513586403
425245303
427955953
259009069
522115249
536469454
139469713
952602467
972485436
842777909
846551041
204659763
264688792
676240278
792408261
127803544
455872399
315092131
738484878
796707957
603393706
105267499
918432849
322883307
86301030
855013476
840196674
706903272
835135849
845477918
453951029
87687909
725716755
847503743
731446431
212784416
797647311
722245437
580665925
163297113
461366808
68448134
950190169
254930478
677187376
444802341
692449809
432417238
491914004
845294518
548472781
285596729
262775635
579455589
758706230
101788147
904316327
697235123
658208409
66063042
787668166
866945506
693884863
477182996
596477014
424431209
954230574
976792230
936532862
427717359
187833948
42177482
850690694
293060793
439967904
993538643
782328756
558063418
96768644
823975106
803268900
949619148
745266320
890134964
779509123
366099617
693872208
243808090
866542116
726800458
152082625
642928844
565944385
524927461
356995837
143823977
836648531
393657711
492682786
538608661
965589359
170764417
626984056
207382794
991194286
357582405
62467359
400175420
112728537
356678439
389737686
100670097
857608615
149967619
270843416
756180709
118233343
488630255
948056357
754851712
379907690
663453084
385952821
837997115
717988515
496211366
419415018
759144592
389710403
945165853
815881217
841619280
312874148
18206719
794189016
943197283
977180629
496502905
491681810
297797957
988149812
127992338
508123940
67167830
386964713
576305232
957751944
642872260
477364312
731402479
421989956
738774957
815208409
513699714
444044644
808082708
855106509
246019256
180709279
248220447
709056690
615858913
404025867
388594693
698671429
756367629
263381083
811692066
994447299
140595532
225838436
800623574
548849856
285493201
338552706
300914010
692195170
539143477
759295712
227526523
390372236
230960222
59645950
150506774
898156229
258943353
204959415
820209446
76036805
881065365
996746536
620974773
193490963
772641313
815072526
376730756
455841871
710720856
490823672
368522316
213134589
366707114
824246414
106759023
13448391
199125808
207882940
899886870
92734002
170109631
127494919
677863045
89960319
906298395
664700964
454460951
362682973
48089019
282135557
101196608
328424177
456399568
520453924
962120116
187358615
447646695
746774199
732119558
544233796
625697105
501643103
968473177
543550643
476761121
530136018
221977181
761584125
614364364
435226005
694377074
247040433
518171258
864180837
404742594
511534063
865441686
186069354
87694355
406574605
874427281
990621840
733431342
800496228
886805814
795479691
371279144
84053018
377758709
697773468
628464192
32025039
562023362
874050355
121415477
241418503
154441841
762474620
441455543
853848991
254460410
455938673
848515833
886872848
815752215
209445548
770251420
513796947
76820822
696611041
315182787
750935062
557275839
680081613
800512348
902657090
868655474
488839835
188158158
310610207
281072954
890039886
44692526
846745530
431188927
579025095
720210444
750490093
61342245
129646531
618916330
171398561
101420444
979002327
502988321
510785523
274621202
968383532
297973739
128327315
206221060
761566469
192308904
363617758
679016887
505876556
415335339
627434659
555208069
520751589
830197709
670303259
664700387
910755642
956379507
410996563
395657429
593072369
542408838
672170249
61799151
545211904
722378940
730621417
274308262
898933418
368157038
411677082
65307175
384013600
623356740
264999088
166380325
859956703
350743760
51350120
306407662
380899554
303182997
301584143
449589324
802949628
525620744
196632293
907213918
456001188
207689844
735129100
937498692
149069374
908389393
748332322
141216808
571164999
882937696
841142158
925366183
989708518
609784931
591737688
370147633
133094140
779872565
36078400
11520500
508998411
635872318
859453203
16822204
90980930
964589155
85664561
616386871
796088797
593553046
647202578
116083735
815034289
193028418
828084852
527937762
167340718
850694507
12039547
662846733
713110381
790619771
535716832
785793038
501216136
260468721
142401670
302714006
805867197
994356736
987319692
384958384
453239436
672325462
38777177
865706794
180514867
548909547
946087476
830088410
489221406
844119212
604492994
197422626
928040557
451697832
966164419
353474100
477474964
29200195
274148131
818074092
223370864
102851292
931031228
488564160
271002756
501749311
379656597
955672995
780490873
766963915
344305007
324341482
451770191
858707216
970510769
779779938
287523299
943626131
285024612
208099135
184284781
57652810
704601857
785767516
793169736
415826455
354021518
426643855
693652136
676392309
706363711
813953725
295105486
186597720
270835414
33254642
662330724
123955937
120981696
229937642
932523641
264214614
515653370
614807986
158521092
75268548
471352162
190799219
337865792
703054628
103389325
280703984
618814553
25679306
863034219
734447626
898037596
283467279
262791040
530987002
737877242
594569021
389932988
420247110
654363652
107336764
184452339
115392323
205435547
382049699
533838747
520662459
916074236
918490584
622424629
373808416
648065158
693467497
742032388
607001189
927796086
318152040
633342243
396492330
152105016
133207204
169647502
798101916
738203138
712755139
115497902
289566005
990592813
164702326
728888885
459045070
921336965
351768859
927494407
567210800
206315523
774508421
892435939
268641922
377722688
107419853
821295712
445408417
957874780
47955607
807345270
901437598
188582465
984957238
216740842
423916260
419837215
539139217
979984864
372854440
971808241
260416940
737073578
342052060
345893439
570836023
381556147
131314714
829037382
511396701
169825733
738876197
790790138
509006268
964987253
920092747
897886318
766817413
377730480
827129683
376987598
975530299
827838535
710928048
193912313
345186361
430818233
584038022
116888860
825319386
153081918
391676022
295790547
15132266
204135923
533151630
229175675
595324306
772336387
532695201
943290182
298798539
112172865
558887174
361271651
885899652
19989173
847353172
97101413
583489761
311378472
465218108
546625407
100712839
737738457
656978870
880129104
728234650
251191273
535084216
148727739
239463443
296526612
252333886
422047817
286544113
654687561
722368377
207390810
618221647
733330777
228005972
865774713
498360864
517064023
346648428
874043535
474599811
761041749
654229534
319168484
415553642
979502013
261325463
956026911
73364437
196025644
755240846
468867359
389763217
475259896
670165343
54485334
609182837
15056605
294956178
843391831
953627455
848593572
483413722
263137543
861176135
408154345
131179428
264561783
809808472
775863671
552539952
405458573
66151907
784369316
490116524
41070887
106955725
30564278
747372692
791073639
977539801
200058833
456099921
375681551
394596427
429517983
866158865
708659374
487369566
555951614
562448034
303748169
473865132
471762398
427226253
782647096
281351442
705075208
583213044
498063041
82441539
566476482
864524925
677899217
793826867
113849791
729959675
209716070
840553511
315222650
965510290
124942914
395032026
579055712
301256534
759741030
49422799
569263248
792261750
523222507
27370991
122692011
79459896
880161122
258033444
376334104
770750304
875461231
224197554
570975530
159670252
111957779
619807701
841108273
345994440
547401069
312979911
730743286
782875969
675518165
146708621
336389925
252324886
265309810
912120258
486845198
114206296
276643957
123641882
395770367
392714278
802417350
69686314
490434350
795143128
995394133
660684912
183375249
618686284
754583455
774157946
714276315
810372319
652086813
635857984
748308116
975165610
355907054
276422334
945034189
656247949
219204890
191992007
953660043
208261306
547776761
961604173
438383507
389491667
716323053
683442387
596710516
530582134
612864524
483422821
955098401
811672326
571508145
433419766
165316141
273806606
537968799
640757339
823412455
192069555
140744087
41999554
969437246
313512253
102590396
560906373
363138430
516938282
743413652
878869974
697983376
716765299
139245360
606105266
756542921
582673485
337568287
599269240
666496926
178366314
243923687
340548953
115206839
786885517
906562495
162619130
364033455
113270031
924006569
544716131
108155885
76633245
372232898
979300331
780166974
884528434
425142015
949062784
946732752
197715677
63981329
991143717
904387954
274924908
709673654
200508817
263591431
227516893
912926735
360647287
868989381
980539523
59533846
920070794
811202782
49313917
14467505
841554418
389300202
595096589
522949437
168055005
33268671
107381549
517504410
958743752
372743476
84345438
414539209
631838594
817198650
72987345
92686830
853307751
567000021
611333609
287419342
949166869
943980234
143759621
626353231
462694236
766601300
592650897
220262909
845189299
894733578
469584017
815170538
706381046
206945731
190464613
820750048
587176565
921153135
89183341
535568022
495485688
120281359
394852475
210001391
734857465
656651396
938868671
364068843
291956658
113655953
872901221
316340210
345695555
384169290
527985864
862969523
407372787
426260135
344392437
553270223
134193612
520653259
250364524
215957935
595410613
463151725
876364874
351427481
422816789
790400370
427102967
438703653
623039266
587563485
419176301
376447730
166351017
722997061
814880345
93059114
59637180
571649336
106897061
165234174
977528600
990092158
637461676
809726168
391454692
616655365
337295590
569158640
13623719
108345544
652252145
99726766
156222936
314449755
498457834
68400671
569655508
461760060
503423908
344635003
798213773
948219792
212634117
875317570
285778545
409208644
355817025
709169388
473293119
452391217
564988013
278449919
613874637
641827954
917854693
62134389
546528091
272604336
142932805
776983648
231292235
724534215
644968907
699927309
720889980
721192382
869555828
626094451
811053353
687601363
166663743
873509646
336872162
692219665
84887259
299796322
569800085
923572874
693646610
202325237
494834003
802536918
858392654
695396502
41979270
471539687
981073633
936904567
207081974
815672554
191059469
283851575
53070309
698402378
166750428
490339374
900928574
995026629
633425190
149548482
909309998
862194773
475947767
407021165
344348170
387851220
603044141
57590585
762393818
873282109
145979609
207738046
199593003
525579044
305974489
52762995
240900426
820385310
641071261
649364568
703841251
653111146
857214768
330868757
112843368
683812513
868545538
782771908
703927807
551134253
175204795
885610506
521853625
228299265
849114503
385869646
568773365
87338561
954501375
684604382
374347595
558396433
522696170
188951272
194124121
921750418
158582248
677536821
218532441
333444551
365778128
171148575
16789121
569295862
392385585
463914907
938951548
683590021
761425073
297599994
163408710
16605979
298449599
45176732
622004336
319018760
15962535
353914267
349788815
22306382
219248111
594411691
864571951
978703155
229646540
693610923
722833574
124710788
729881872
170053363
80051477
280146732
540522984
872858497
88675972
898797443
846441090
303081692
213491190
763432972
990250820
469214587
194565409
606117274
995204332
248936736
479450927
629470867
427471357
277270325
391367573
466410676
809745957
831747211
489707350
924285616
622050369
584892956
674104089
328501051
520531694
392724625
360172648
568704041
595600596
299692104
712414353
791909374
748216906
522302495
162527425
468103129
936866216
945371080
827822096
434454030
416839102
44170958
849387801
262392994
765522092
181595626
642042126
503405255
912344593
379992657
619905523
84347932
326061785
326469977
512217300
388890327
559911005
96692762
645092587
268707248
709877300
292500274
969145533
129172109
327974456
386444058
470734104
256597677
157248479
348956523
35940353
576289641
892839579
259308616
979115023
532290129
52352018
26503204
91949472
46470304
321661732
696834001
357456122
299196595
939459902
274362819
976719873
272416620
376658651
285005829
123234293
406859083
646913409
137129621
304297388
169311605
126089439
101143150
868769978
961600554
985383787
442715789
745895428
625959142
775324078
189962707
861908829
530351314
188392011
889258602
182652165
595890070
496748862
781005717
277673526
721409511
194551307
825764832
671615857
304307329
405424458
894565880
997627693
657555560
389208314
214065407
624699838
549053601
762849014
428395588
374683128
175991544
351061029
245345697
523898639
714616280
360321881
274461536
89520267
815095953
871905288
170426363
473456475
732488448
869908171
289974054
408420362
734452359
63123415
518420018
627832828
475331083
953112478
348858920
366548410
174504333
765630078
842823602
571143117
904767208
398356312
729481520
803935038
575261684
868996404
648466974
87646223
929205134
745225285
518595545
676467549
999864134
126599093
831870482
585032848
484172759
939069095
666055251
241766944
998144661
423727256
368759448
282184000
522465704
15028800
14705982
580859154
847119721
479876151
975468069
558123416
567987069
528249872
97165301
909836887
565253736
951196562
888493137
503441996
473102571
57674843
89514472
406024950
654823758
550380639
401785127
271699608
849246503
877761570
940964130
141787403
347831805
305732290
511889593
684670110
789318691
776286094
457499749
984413810
258567214
526284366
927718065
220544769
431051745
299641095
525047800
69952831
300494514
299014934
940835233
814653122
602671881
969737555
65735747
589102624
827998572
459260882
308664408
710815190
934767352
881257458
849804197
123434579
163222013
573803946
907884955
437082042
363201477
626534514
822733572
350057912
883490755
607360931
387836165
589943239
322872053
26379376
456532158
651639200
512879217
31163758
795688747
341264512
335319513
36685925
81524962
361899297
139442447
821279269
867429560
547214816
771221919
20611683
175530254
246412232
633149292
307215301
643965916
540045525
631120931
829647519
394303039
948058362
515045138
940035007
698914685
981732660
771833725
177234830
540737783
583697377
147073660
777268879
204308855
732472243
456251626
912279332
479970819
132069864
107303232
298674542
843625164
363059571
403701141
250597047
550049670
302599833
55748267
559803007
523281494
417126928
598970498
653771539
33287142
955771672
844894158
200641910
141642705
357167179
845293688
637310597
853150315
195107324
902167538
240449389
787384765
279212651
914260912
764142737
97179675
16004768
919002770
120452763
136649107
185709789
881361187
324454368
208115115
704391861
908437211
335624310
542210511
739713965
912249266
166563434
413711485
106221514
434029910
303577791
322251632
263013704
403887608
326500040
821937433
15544827
524924539
348758835
830103823
654838349
393493503
513542752
736284021
806565767
458627764
372637290
162483287
553910993
420707122
991370520
32542922
949157442
54004217
250278316
182332595
606499897
812321287
361578879
669885478
427217017
411375406
35628852
436276796
635656030
375312180
965420451
607670415
432952910
427573228
16930910
59879955
35311165
728142697
84201513
670957782
821546567
945097759
86043078
407816658
771609656
131127807
801741323
140939545
22901365
109091796
154239155
819439265
517119295
906903099
937615941
701315034
210549815
333378029
186755971
241853394
190264806
897653389
631395964
487823432
909269054
988093931
998243187
733226701
542917222
493165122
792688869
534486534
522018746
232216463
881265511
337769083
994869922
344088744
772764961
305525552
33272101
657223051
721080769
655010944
268914424
380451337
824720779
857589625
559066508
840397928
276035889
892552779
554848628
192719303
691210747
546709850
439434637
83735901
854295547
382633487
520529656
885390485
959368080
594880498
744985991
243203145
316364787
429041576
11580258
709481308
613652858
35333202
471972749
416614573
731475724
257440522
242924536
926710163
936228137
511486503
61061089
424012614
231709552
36106913
578947429
175316738
93113816
720985111
835662471
637210845
366941640
983849558
828817669
110290617
977262966
335769376
151571874
315931165
782339632
976413862
849624058
827479432
702278290
403389072
215789766
196122665
277660292
621219982
955379510
426033153
561559312
15443623
998566185
694636227
163109169
235869052
80589523
609413145
405858442
31705840
319651648
861282320
710847768
238993756
935585777
664186364
696325551
182017848
79462680
331191977
510604407
51015453
78905072
295714253
55205239
52794320
181282834
899446237
217191043
848357718
787268505
194798469
68309382
947467369
181957740
179882488
299802887
724804498
872465775
594663114
203217747
252547108
562712207
272543782
244589845
904418602
240917109
48471049
326242740
651965913
583394965
984725420
62790585
257889726
226370910
405280174
746880973
187117817
496412225
630647311
525470260
925773573
526447836
649527200
407228616
664356335
458972161
124585636
541140469
883281393
196354762
970530982
654424067
624140874
375948930
796538327
596487221
178014214
128950822
243701267
259948163
409313069
23060410
181089476
339184926
792331820
357168413
306795445
900413902
201555075
485779748
442744124
544381745
324571711
688543198
596309762
807565629
571452123
969897713
300168268
695277667
951764268
498466016
805054267
673243688
929991341
220471647
143102200
742396057
311810998
557716835
621698158
38578452
175199520
369113518
536737474
438460693
955710053
241860910
108592532
653477737
77442732
73957353
94068174
82898242
154972287
55560129
36050380
27499272
963630279
423547675
826414083
922185764
925094437
421515920
553934196
686488570
407490159
621673329
12555230
52604458
291069932
490801552
406896858
33607911
209844025
264955321
292476899
756635528
997945187
952515377
978916138
626951305
43731188
247914643
189867381
859984359
332572226
631335940
610192071
471294000
71700687
126241682
646439607
741036355
476386170
359462269
903532268
894791581
737605321
548373264
24030037
167381486
867237801
445505799
109356400
590068524
600745281
939323102
224293882
593281079
744789825
316992963
770370333
663244137
350150225
317706232
156741691
483376695
836265351
400792047
323928101
656196745
386728873
214241565
855057220
405003049
851341151
812209740
223172869
671654368
118527793
863833972
485308893
651400136
947314965
198681925
662976439
746022608
596010230
303739503
512048807
162211262
748575771
404444158
522331734
444576616
248653792
450224580
247140299
233447327
326261764
145976615
980644598
544899812
861716915
288816287
340653617
766382124
554363342
332130475
345673343
15814293
37850580
401676301
261989995
85358458
783831469
26565345
602957532
610262356
399300232
361675071
186262471
730265376
769236567
498309801
245587860
291594757
792844184
542018579
966330518
608381340
726856666
598355338
461936576
379541280
499187571
430664396
751998411
440929127
521501691
59335085
12322896
606953807
854541832
412137397
100023618
751222541
341469181
374452175
463296821
161249722
914751164
300180492
379162080
25472240
152845406
792555817
337668111
92876002
724324939
733065004
237405795
241247368
215655681
91034925
917075843
710078747
702317360
531563773
548511373
721922619
460409999
56397865
854106611
60744350
330479173
422686685
152262897
732585693
34024981
778215771
877720342
617147971
138679627
683144591
392946196
854716146
357136257
447658668
214123622
539713667
950062012
568939062
295861804
943630910
125092811
331037160
688159820
809375164
159544536
302872627
487067462
194394828
743286180
470914404
920761047
477856187
261863409
667401261
335067731
803778049
367843386
557877646
880071556
292684717
450971286
676124095
362360997
70220437
623779720
308261570
730452754
577147913
311922171
120186118
741321674
61460303
53614514
881325333
631916069
968425989
868773506
571198249
448664625
593393853
270264315
940211950
950845170
299267491
315984453
500235985
200356351
690207264
910662347
70529890
666546094
370800464
470934304
662677879
958243582
460566430
147185143
424852307
503837846
216336401
131095756
400420843
458630723
348434732
629127032
193265262
968853867
791443360
424112180
919000188
109630215
94819576
175023272
917372965
591686584
419416849
78130702
288990903
330121184
456362999
641029203
926053424
715832100
784867285
534645938
223090923
365763081
345747393
718775262
836473770
487348213
119472697
259382815
822057812
200600913
222910451
317983332
576688139
813417619
601173303
710262752
274698496
688704008
817494441
141298327
365896041
748588830
561017289
844080276
283037102
445905083
456180398
918367602
841339243
741754228
472526550
284489071
108827365
86442129
491078085
996367000
808453533
638224311
387649855
788674816
445979431
834601972
10440454
424416420
957987393
185607197
294947151
204433649
348585944
514290501
690040851
388424634
605773315
213828332
932839117
573414564
885960398
522893501
152539781
293266067
263468803
632103624
175495909
118478535
700573280
978159366
402935205
267760236
718904100
268546593
430881580
705836122
653905039
81782487
810100070
105142471
765264612
938862569
672511600
593307830
367614560
198445510
341907185
555000315
815776393
918854210
532893468
661969888
968277403
759367786
218553522
424836197
766453431
263465843
661669869
755822122
349335392
234654942
961680066
480305404
454942083
92926358
663646979
705157520
543413505
423955579
158451337
172029811
245882774
398832676
45529909
932438007
702005860
813128523
918431397
738416590
199973254
655093261
751250021
667800630
65015624
388887819
744771631
426062242
541284343
877354848
567352255
678640531
164312275
843777643
163820900
963430785
722828635
856805862
875666794
530419748
575449665
281069422
495802011
652564564
31206046
199494945
428221572
294929606
508777793
169796590
771204027
77745295
652956656
447805757
152932587
549297584
392289070
307800983
683577582
19195040
746700788
192022884
240375470
404478396
412772770
238193340
757690407
782826661
906234175
541309159
606682359
840839888
271815366
637802906
286943007
321604831
109520029
854012691
973310501
730400446
653786724
203620074
542258293
493181695
174321710
225370059
926189274
140819159
785420967
154783798
768533243
258380012
193111948
751120087
822583453
602951400
721194542
950141291
37749291
294709621
415624646
715297849
37902287
433605948
136906129
44995462
655737837
425099019
491533826
769724198
634314191
211749484
754942800
229846545
555314914
713143296
141590048
201576729
229413504
383266715
802766584
862393053
713956967
769622263
975521402
154559454
207611759
691171764
686265877
593986678
971256443
586055122
976153841
948878397
293849845
419953740
935215072
384136749
342745550
581863906
889757182
196676751
734263639
322308542
799636044
430584421
594598368
542147680
110782199
191798105
838128729
125740957
347744228
909982903
162050923
874689398
204935653
483315664
950926529
689284068
126280318
833192384
332506631
37754111
689162620
417020867
989226462
278275081
26122007
668246641
187621467
469640044
816408014
522398465
251803271
797945239
37248047
867735522
494926343
25532450
441301270
337539638
168765474
571882093
247861567
581650189
101874265
869509946
802259796
447161598
128576042
763739694
330054769
550263598
308374839
986819634
445223202
920018527
818514874
308371278
800594859
263336208
290319933
986589337
202172555
483156582
954366777
514821544
429900613
221449621
683325473
562153890
199144891
426977213
301954631
706603539
84413181
24262941
412151730
745227096
431520038
171707846
530161723
766235552
740531348
806822603
239927724
853821477
34411296
78452758
610325183
324050419
722388304
210125165
26503946
625529454
334930394
305721056
436083031
286863010
780068712
767987493
820238142
105060166
842376167
638118097
736291705
967342087
187130199
509389990
913428940
249897834
628562990
297074015
123116285
946641935
550016955
693349200
132184637
75260844
539596782
464358547
218708241
494243383
52691748
762338127
510950585
814789490
149662245
970177403
261126827
390875095
185136165
462415462
233067985
940640258
721956245
599326556
282765629
648074256
897471280
19889410
911776208
595021940
787262457
928119352
277509830
408184764
951345292
244467682
718459584
781491978
784256575
576290260
783581824
144541146
448368899
787505536
940999568
483967957
749339810
771652932
922534095
770356756
959195731
948080041
726098835
313369064
951284461
370866301
721646110
751249007
995052507
349932055
691010396
560095850
985442735
213082708
335576661
247961639
390429405
710012986
437260314
258249363
886461187
688501126
867694414
971627305
366756152
469400952
395930379
41974479
761711639
244858040
620413893
373000868
309362065
152891914
867782787
404956300
582820706
35554178
930757508
996266017
354103611
897463981
912563750
432056805
804554032
460298490
970666599
159833265
112287266
503127633
966131897
195963932
713373027
579393100
102981055
821227863
923145533
107691708
434062254
264184308
481150061
307224952
84337924
700854142
55158859
411423334
631761707
313619436
957192068
551308309
660679775
355021696
705725208
779304725
240210562
796023126
222355377
575868694
291391275
360538700
933437407
80472598
845202974
907951113
375640536
177856518
843283998
505320649
153558312
411757599
767005257
14763476
299573789
675125337
989862823
348507739
993529222
947184810
130261293
329931451
714097211
239287175
807120613
567342528
877023200
53927546
396278732
753809624
67167420
867789303
68304388
591209210
767166227
338635827
770426866
152328196
905863408
379042353
604806070
557316077
193679151
478952951
58315858
476017384
202985392
501550590
314326803
589336878
678382536
447588034
333030373
464949350
814015386
950186460
161717457
831493698
151957251
175113266
530789467
217339829
481242490
698137409
183101944
481452516
112652843
798744575
703344314
514639044
138769885
76296439
963383768
860739859
237709232
464736380
552905823
330460194
820427360
682550730
627730195
963048666
225243417
851712652
938732966
989779097
539976607
616867507
569436440
987057627
884944491
375092681
681518719
162291082
322948250
506338714
874123065
234511478
714182329
375620263
354501848
469002029
918670094
490075256
817895111
342908060
746537468
46332611
729668687
470547178
417014039
952724630
233642266
125234441
115604465
89241712
402859979
489111368
376316309
994970580
847899613
203171772
959073619
318498752
70699910
31870799
909233476
423207588
767210717
934362819
75960293
318976096
427862046
294595913
877343082
104377626
269122513
347884975
319229444
217745679
784141856
880506380
132763392
590796841
218950208
590607773
385135285
890669308
313086814
898981102
840677974
672445701
928490978
907979932
187597649
684524270
362190864
561412850
277323627
50955185
784703287
42547140
534452907
255518228
457974723
29934403
330525759
552582106
241345062
641218767
951459105
768079714
943345353
190519969
925426809
754783919
811322948
156470291
395568705
65276939
107416057
402001563
616470089
764360156
228218047
901325792
513961321
847576904
921746405
618261960
193087932
511934848
789964074
850752874
557828411
854961002
646603262
252715970
502010480
544881965
123495462
431762790
114632825
657728568
790652780
59546683
156654879
683928337
881437871
654867188
301457423
141669416
63689454
455502292
179622482
424001080
967525520
106112636
627876676
140212347
689851456
232700059
957014322
581769258
926632849
57885699
947929247
23750870
223495329
696647414
825439336
311619966
71413321
522926753
643291490
322700191
186974254
283766601
319269746
932704316
235937723
770245203
185341811
498026340
321114185
414902762
578938084
331282264
647282007
104444237
173899207
802947774
281726808
378664144
496226001
890836631
762866052
441090898
488157855
160318290
590501303
793870788
584639130
538183487
963595461
576453971
255222496
364650908
404635714
885867790
443359702
949578147
406046491
16016322
297382897
587906201
713524810
478455540
319161247
692499568
746145888
896757710
434846143
379578415
583986725
82334408
587041323
411099809
742749657
970453764
383369957
210290312
761195812
32773102
387678712
265549710
73661719
804452432
523710021
521711782
56349974
177544232
22948851
944083878
970160079
500997726
597735493
146408867
565371184
583201959
810387055
421627878
251108269
816159720
398794676
127486524
489171218
26840778
319082964
375326156
304065521
66256085
348958007
925391203
285552747
771410369
854441465
981816234
238592415
227779962
817320448
624946945
751032877
837213667
840635164
825089785
716205598
881453199
593102174
701479694
686718690
480426064
998872219
593370266
647308399
601987613
607909748
393504698
937318016
64783487
655447541
367232740
750608030
953486961
400061921
503166276
410653190
784828810
738129784
779858976
53851209
282947005
427937755
917095516
295187906
914632549
275297524
650749854
235547987
938418984
268283788
72309050
506445072
463309625
636274249
845897284
180550397
416379957
815523021
257719038
202915348
897687750
600890337
93681892
520311542
144699696
380428311
416212250
36348241
439346899
682823565
94893819
557836505
212917219
497965000
908478748
112906315
310419839
877430704
649470891
840021210
135029620
456771696
282424084
110510248
419817183
528585276
558705946
266006057
739191440
908934987
328155613
298074461
443487677
831712357
994706845
300324311
392094640
728464679
453281033
448246161
634513115
465296772
899068600
531099628
457532184
850580680
848619334
886407506
812079328
501522799
452481756
741595128
271375407
468589987
71639480
965795697
171378642
44487105
778351623
120662710
549040847
649643662
554736225
397505367
56207482
146391600
466079852
794928515
625255139
930513947
449041452
453357857
435688320
325997991
125371932
891979997
569455048
870966467
550420964
409490312
807383884
369105024
554593904
584582903
631896449
655006014
818808567
303557306
899208269
52813187
966585119
300698108
748241395
908699206
512599269
11531979
949737452
423450061
353904265
564082588
872292591
971448499
487011226
117034684
620403767
814078792
258324755
392426173
367552554
407415095
124784616
474883370
768314887
833618321
671155710
958609176
708733890
76217182
94146531
567670723
597373908
158897019
564917512
962331467
906161738
987681827
208723343
161946402
638551185
363668581
520396278
562542397
88813543
384435371
127136904
256994601
134004489
343591287
147922697
686536613
478025718
353397025
451752079
929725131
155197342
518575587
346549778
237523889
990458016
126765594
588661642
863638378
367093375
157047163
202430697
575587732
613233335
784831787
239501874
264362178
935902243
228623639
215697175
632366631
865035799
800771721
191608877
828631119
160511190
277338482
732848953
789808211
269525053
640172058
456575816
597922055
989452987
728012527
290178820
994909390
915068339
387933705
754567464
12375598
284688982
384408228
847601311
942769865
104026056
732178087
399845591
996048187
521692937
788566192
194454234
941044262
649219143
160040557
831151503
984645341
60115123
758916043
424163523
643961656
714433803
574724232
614298178
468045907
987499290
876447771
648920632
560446350
381933796
945132923
997896109
889814102
528204861
933534048
273984773
579752071
236803260
226133324
768656705
44541384
512553883
250689782
893975749
264264975
464841591
764079829
428166041
148716063
918062693
283913698
581080226
792084218
612263201
907883401
10440857
725500684
762702474
476325513
552928330
123555856
620492561
685739467
610508087
907306468
276804342
136409639
919529747
597748135
266510371
808510433
714743674
753247073
263301241
149668092
682987446
762002538
614393290
115769007
294349834
290451911
20922474
882709520
60985187
117818971
707405647
690225563
959865330
273145878
900426244
355775580
188348278
784618227
470239260
674864136
825956835
411164974
337271024
461652208
395341700
903718115
392184354
667374642
633029911
884872070
138490917
732511087
417397609
444115115
33304168
786398526
44974204
129174863
612622074
282372427
653366060
598178740
618688580
186258836
465595109
302499942
639628311
305714517
363482227
568792299
724693930
523070815
828612176
967372602
862812559
198083106
702118147
961921065
682115385
628041524
869412697
980229081
798505212
478130870
128620390
436922103
290284988
524438516
770146351
800873861
722342970
134087488
414165940
848881933
571551590
291247979
429872184
516062080
857168404
968515307
715073641
899553164
855481418
743703094
857088412
771867422
341819936
512165701
628158430
90887937
718537340
705569503
160630929
848496771
192195248
351799236
650254122
996254773
986763677
574422811
681444961
480392365
323227023
538298959
122222115
596369247
721606977
75493650
343198874
898755513
259078405
414383756
566048764
489016164
286846551
320117765
363302675
744975110
501693833
995715299
646789643
546025093
24932951
39964114
661983536
820212163
657547250
530084010
157371859
569525614
815972194
691091821
595772582
11826564
820519595
973162656
754599454
95305516
400139167
391487711
212639451
889692673
701222943
621734150
510861093
447014486
824814206
561880721
553165394
83805074
274051829
210153035
836995652
377902003
820153666
400087263
666198275
266903987
687573036
953341305
993265110
983161571
272098511
697157155
518070124
691793449
632446409
822168914
284632833
752167694
573641096
983743932
252594313
351568342
603633547
587035542
119820309
589403105
957314981
753842166
518703590
572064014
656262469
504677467
927600810
524534668
304159689
101982452
588145727
969819938
522560190
641024809
843162860
689990716
377667458
453403477
465650716
392598382
540246473
353035953
550461733
724229315
435649203
87262902
355412865
599974549
868296570
39022024
458165732
723547072
87189876
837471241
327101264
735297336
651131854
381732044
737744527
827657456
269193363
427794991
117233522
859166091
831902784
709906711
817160481
959313322
480256753
721478481
529094739
746530513
301563139
499096643
311240694
438270001
968936496
621272078
663417119
274282656
354762185
428622642
701834635
244587731
878080084
852160622
28950589
296743001
490035909
54408863
604634967
593006424
622512306
600924084
241818652
128250983
78282772
769749859
381194765
45024904
309595122
181779273
734641975
486021560
676951132
585454657
131327503
628142305
353955996
598708116
57184770
472096470
353464340
603601493
337419034
961270317
574114555
319989162
85542808
849685738
683537925
464011117
335904059
265712399
364309759
203012034
622576846
138971902
272369292
632598922
159948614
289979194
956535495
382880609
847416675
552130858
181744527
89575474
488913569
510113905
330008632
590624133
337879250
519887983
297667946
634099381
510205028
641234120
884954915
215706038
667962994
698904527
56254801
347832883
929756430
873055073
511798792
640344075
915507713
283256472
730724734
926579482
458975225
68898350
224852451
534594048
103672786
389130419
12963467
65881430
588674513
319107578
69437926
26695606
734137725
21374985
765589268
531165423
212257513
334132426
379253063
174512640
447215107
328074699
591772035
506466147
347873910
325134922
139430318
963627149
836877338
590220298
780176535
206299363
808908591
406860547
285070346
159659224
599534377
171609378
743592540
260864759
723959739
845033902
571215390
198048423
511060366
783297913
373761114
185680653
758446430
931608828
836525768
953595077
556783946
326732340
815671464
263228378
122574025
30580928
955699604
967138737
736863348
69139404
321443077
181018835
506287722
27195616
835141421
335111418
252567801
962509121
444595180
337263851
370246462
74892758
183072524
876382167
920348963
664795424
525924413
829859534
935608863
60755355
87351631
954425929
140076125
288348588
329548054
814212077
877826286
801137917
939637367
522068171
298512843
844359571
162009350
764971414
607253153
895761954
60405752
152658219
400372654
194408680
410033691
904183361
826426790
498495423
116950659
220127986
24412663
490954150
479854333
379171090
771050154
560359257
211506251
936361456
548008956
939716806
419145418
670220510
381591856
553374417
375766375
933183013
706433930
795833374
40490668
911427995
467858472
725888813
707010543
421383977
562502712
152331551
114180499
251336863
836088538
130608051
663828117
221992123
113074072
159395004
58186377
216409025
303875320
186252073
81293254
751376129
344740156
231794451
892595027
92165144
199939125
811819950
445197191
25783448
745344505
525417748
894491416
686906187
538527496
727485394
798199604
285369593
590538826
358560462
134748299
568808910
80226850
977613891
155334010
241062226
404397147
807219283
346545839
296161606
456132828
578382428
907454326
355018006
880647018
28303052
209667779
861374156
410070186
387536934
130611989
40415562
623286986
246705117
788579070
55643853
133158002
404644476
227282636
289904322
980210913
932756193
316531845
267493378
980854251
310018834
352663436
731115182
573147568
370467837
409121898
927853972
57329225
475305080
462375620
141468405
234020854
278008095
234322980
75482963
484770289
664027344
370235729
253874788
334712871
702073025
629290553
501017213
519959792
760373539
660180566
925322217
755260930
22970523
237501538
219320440
931887551
112577753
114316298
401437258
991559713
715758908
54687280
412926385
55508701
219310670
956101512
740616103
666142836
452461024
295991019
669055870
984367444
809411724
841197110
314853438
292177190
475561610
697587606
179483721
321474311
789664906
377795278
29000753
988895691
898042922
30778624
940169563
308957073
626691979
416887409
879410988
250588559
96646819
216145052
883684641
318780164
940214531
884210780
360238006
634114756
502512899
287753277
839742486
797904705
910327106
121321971
518419471
764020254
235423337
111471261
114843759
883305659
619664444
943632611
987450406
585917312
378800447
810775532
832580279
283399094
208289406
644909008
259102855
191449060
639483588
879561505
910430383
332723758
499164563
804484031
40008801
871522711
581014348
131305523
284231612
487893281
789290473
868235729
704839694
811317142
754841082
836859325
445680292
794124910
387621758
667683406
255587909
92702950
63803351
999808406
573636471
979924701
144084151
894892737
889497156
379240596
979765850
528194190
94738555
876383624
549814864
780218022
502843854
797041590
380378864
841257163
49305369
200132758
467332857
926162726
374409677
780921224
790920764
287091950
644218413
411188675
164571508
121722239
127840039
935779409
911266610
391834438
199652656
203752968
646728219
361364173
410365005
611026750
819850283
942444071
649414327
915562841
615977941
755608239
13838183
312946590
741056746
256207881
118935882
645907588
272439769
490601124
972657897
868820495
931868239
478406257
540139845
610863609
312103640
35083604
325285298
519854920
876183622
855290816
35666288
152265952
381921340
689540114
446280959
470603489
920057657
657706721
367788440
155852838
500912608
943380887
572793787
272719757
252538501
779631935
14056520
50382671
655612297
13509144
116839447
505021466
739610945
373185337
560230972
547835624
976618592
331526146
311254703
824559463
847264762
164229401
710409751
790125193
179457465
521989392
662742643
585307552
34794647
548176298
448045060
426281703
135116070
227007396
798686390
331321900
30715430
747077715
624666207
185173056
499662306
168716826
116079582
242139415
383939295
635185672
212685079
526767459
496552680
114226762
119208866
774049332
137068512
693048999
454488582
593213892
10036615
265602368
304667449
318530076
981808279
932989581
401315549
914885991
465116899
586343682
765112970
752212140
761203789
140097783
47734521
950915452
761369913
693036255
949150636
50771416
753707913
437303919
44605686
611735263
555507782
613033708
160109663
303166545
857900078
463284402
811370379
296843929
889684579
649599824
421075805
853723345
257672000
376532733
734107217
977582022
965148993
951036581
319028858
266338270
888917754
747509115
598087395
42674227
20939466
760069357
995143375
932451865
666594098
893788447
518718526
462193059
618011843
685990764
398263034
348954241
566389027
16159010
692585938
212270636
848233895
150422862
656099391
147344704
206208393
25665662
966199962
269448046
411347440
387803715
41823730
259372262
58770752
906538961
566026207
653793421
310571550
856281632
446886890
981915802
11390637
940756494
100498837
128016069
292386752
475702599
385780155
222842898
652606651
936762095
361990848
412167511
887336929
66530238
614741677
582054888
644767400
426792133
548139404
939966359
219235010
353291485
15915702
551530758
227963153
963569886
754140669
889309069
383548370
144538135
442058993
901568945
312838722
901963112
916872857
841611238
302960360
873817150
889502525
244951601
802623540
497182512
23780324
637903761
726666580
173726175
754307699
553794828
906999757
591809711
296463715
801983693
304438511
982526314
629638073
912306689
275076877
413091519
39215498
231196076
986702503
751095700
508826614
689667005
836585932
543199746
454476852
91240935
522100393
516060752
810344672
352601717
472415059
350438199
980850115
564423250
300879084
55268554
874640795
85012254
225763216
966865710
298961821
962664352
420300118
874324553
561733498
859318370
662895604
837056162
691750003
880797231
341700246
873690535
932617298
797830980
943726744
644886320
24826113
55888513
553041893
327370934
879555544
266895820
922857045
659847471
717198489
11820717
900484903
165769972
943987154
194599172
144104896
810259885
132026794
824240717
886179484
523023747
810581240
128414344
859519377
753080626
220225539
830833006
510967783
58075967
215677158
244829069
241968370
61961136
287456511
983009325
913318374
494849785
763277640
865269501
868919222
320093124
956314690
318032186
334843712
171739972
834036608
243968000
338028894
798614208
446941834
898509451
504800605
992026952
675571407
640437682
370635339
284615422
903003681
159648011
195904229
747743127
872948218
487720021
546789759
862372489
120195359
113056752
232929958
528793525
764997122
99419370
38698329
611589234
428573844
185242744
934436379
385041216
594558592
119245697
629027267
966237718
48199766
89237186
480086493
899677262
963246135
455500202
130508040
95277345
970282233
969175966
815070482
919127424
806673169
511997550
577013340
518353804
978508803
374974287
347374706
680349788
911280124
268173935
572616662
454818951
447332120
800194521
310290207
950683582
454134185
376346710
307447184
520057736
396217961
65497655
435579385
969261363
101815752
49789597
832966098
102552142
692763090
701869044
731799167
381328789
523994379
332606390
624369899
145214037
587957572
627914493
103249832
947098647
137672918
248728652
512266736
729239988
46367854
111914152
141238766
847449877
153013106
578779852
410686185
568753521
832136904
56086086
572146896
231976908
567948531
816272149
412127525
975008235
823437191
668336898
605757770
126222418
380292390
854237204
52416096
416260622
168666196
691625757
401625961
281512831
440789960
608273972
538372722
44283251
57336771
436353185
530299767
815702366
616691770
797362236
893651670
231836807
11887956
570063386
677459314
640001682
49741609
94291626
247150358
445231638
383937368
38509993
715685357
351376078
546515924
578145701
628435027
90622958
896158609
241055973
114769978
335181406
147074084
993293018
842991978
62412017
274718136
74428250
424531268
908544666
192992576
209179057
239645476
433089620
244123791
554348577
521818900
857593524
91841877
44146591
720470405
226615312
433111897
186080058
440399724
437019339
549449650
683650327
571091860
284018556
689942156
584579711
712742475
871423827
917100767
359766803
768464050
688103157
629560816
462640516
226421298
973961887
808607556
411040345
145005550
40499138
50412184
92988266
853366192
760272728
993425395
107132900
925275186
228937559
433152534
133334740
296096533
66996390
535085340
81129192
404349857
470548365
89115374
445724650
648073300
585594510
597394058
173867325
525960874
923803012
752864708
34179864
420409419
168880868
883701540
692907960
970481148
792916978
237075925
455417396
192110016
648773661
878850333
956944677
925581810
467305433
63335789
895816537
977885483
904600322
121326541
890345276
576802469
942905178
636539682
41942830
554749961
222432973
280818416
147727373
330349562
934089825
989239170
490514423
348363564
577133776
510298966
616821422
420528446
542173792
363581926
455132028
98749913
860049483
384391348
961516290
394034636
597647436
402069152
668883610
978495018
988194103
937332152
404926586
391304536
585051666
235222321
913533787
635892761
549008406
456821846
666639079
142405254
171080386
655133241
185387336
324258165
579456413
291959346
292669718
198889904
684925831
185185050
958304411
839867275
866425456
922045762
641453999
824799417
179466818
526017785
907490733
911425767
849405062
331836342
888226342
684587894
142590322
395287294
83030599
187195865
189618622
832473156
766178784
630255655
550083866
150024855
692768322
682184886
700740826
134948287
480310971
348401433
198301947
606739190
749227450
37604378
411228927
232960844
430214466
454165927
999070096
652028265
67136570
874099169
613813911
72819654
230797901
831944977
783566993
109004458
860282149
462732506
218717960
212922097
117782065
495136658
651462392
607693080
836758670
890094771
203648653
888133697
603820164
657731193
726854083
673099671
377700472
256824205
245095353
72624548
851209066
735387937
869441909
539848632
316832778
366915527
748194986
942482105
898082264
777079291
379985666
736079400
510368863
881056941
987876877
29848549
649048397
336571720
472901830
339211857
276012190
461154699
185612417
723749017
803642709
718988947
559138501
497387685
784486485
509384960
687026497
38273881
530389905
826926352
488852734
329911663
217915153
518665348
443920020
336204188
45377672
830044541
580884490
300070071
389761153
193263396
970832497
329831715
170793051
229076405
614998054
703053514
478106298
965267100
584039213
623357362
580657149
30061647
324728422
371602780
776124738
518292395
864956262
527857271
911051307
694690002
583692387
573800383
451771645
205867589
437204822
576463445
75461539
183043863
652710734
264202699
979291401
516938234
846467076
233401715
53451762
648575217
878166807
482689779
361533644
926154122
119141397
806683512
751329579
357556525
200974582
831710669
486433066
387273942
879391661
162479701
906166109
116010183
265877212
575614372
519920156
307090905
864074451
967433443
818495141
417221565
755304391
506153719
843001874
563708946
537705264
662232102
100852758
337613756
346226420
777096719
790146763
35398015
137613141
483729842
263876418
67605151
568748830
600416468
586137322
566945568
808125181
727148235
902691466
649575195
213174063
775061410
349080172
80743196
489034311
560824170
180065158
748604278
422710332
831145357
26442319
13061587
202731061
881992013
553542392
695616292
904621022
291028400
105597981
436279306
272492506
439840473
189657553
167835136
178469367
685983939
296721929
481909142
17710574
947912726
977995579
477930922
604978693
436222230
375344553
528496163
889187869
325411168
907249279
184453223
383382003
909437636
809361528
493699365
161186469
742223325
925015597
66181558
315383811
951822921
21430338
845506926
940336449
204155548
927557307
571182903
386715406
585186611
616014450
112820097
599773476
164080999
300349672
555247471
200367621
290394371
251819719
279520439
694554853
530991590
381915252
234904605
657321582
326307696
287869945
15966951
769677777
923608208
174202259
816039147
715105247
838812168
396640060
728652597
130844948
524526317
396809041
488746062
242066973
788521931
687604523
442581205
474426254
842663423
371159075
778220243
186178310
106769289
360340357
447948835
612803387
528362810
366018856
348469429
397066414
824106135
435676857
186069889
718218969
744313341
992824001
921355143
86528383
806875091
940972097
529959201
206766320
64794761
682024385
15227001
684506929
193938441
459560404
430730479
481171645
478266503
70416414
105011452
184008927
519578820
423934062
215876043
607125956
254826760
255507710
536570054
99696951
164937400
927613034
626131787
290890934
388666158
514562401
922525714
875690111
989638268
627341803
127706316
189760998
738836784
139633787
132117520
721708091
972114462
693528231
112241925
803169569
861951586
294945233
240057935
991902368
390009867
81775489
813370753
717782160
649545770
37450056
80264939
983565842
383493832
377594212
212799204
492695491
562953002
157636009
245254839
607934431
644446416
527292151
564483648
817707939
171384293
723153639
76958070
513793472
434320084
445543158
152885382
693706985
36857559
965345373
828037625
640911454
777419865
688167461
349897143
225316850
405582109
10312556
67500944
639138466
527479702
553404054
295788483
402562076
952588418
563479524
829509297
438782061
423732540
503143802
431243354
354372285
63506260
121276116
999385699
342544020
878597333
641778332
250615536
864958375
478900949
945505481
825657849
582056816
579249518
45698525
773476054
633959166
86789328
195253472
529356231
750729918
984977869
133792707
463349563
775389971
565253520
949488372
788583626
564542435
768040621
672800179
582865359
44004508
573457489
462220701
197708743
778275438
905579347
778658764
241061425
961058549
244816237
675233650
14788532
680488948
669887514
112900978
307387145
355498947
211587094
728879839
330953637
651633496
733174143
346082429
54859342
475930584
232020176
80811575
906355995
589655069
166737937
935135372
904749011
977516697
217391439
498740120
576944999
249694149
569075774
245436253
981702066
487380736
386215571
231637999
539372186
871416639
646341212
206368246
530265783
690656139
638033505
588379421
295831879
474912486
841131335
683099263
946959467
921398870
591714770
713422406
513330432
635327570
670234878
455503821
399470630
491484602
275015299
383516416
336585640
996717052
879676335
760768533
891433943
172998348
262065292
235078088
375066235
31909147
287319300
355669718
698829825
398863218
492503311
557479021
206739504
988187647
366871226
692932070
890719881
355579616
187491929
144477999
653617922
398911822
565497437
808018843
720012441
185448431
621999287
636106495
143585469
867887436
881282152
489741360
334721402
731003895
955752828
992143713
77029320
249934930
536316330
533096950
150646859
431677802
162953596
994048274
722258796
319464947
73597946
80226555
979753119
667788471
671176520
232864108
584868893
312032167
769468850
879730206
762440406
878755376
845067627
975841398
397897333
190383695
258531192
838757942
42395431
934821293
908797686
89867513
260801829
57886996
426876904
502571849
984545946
62930008
749330162
922363537
801150679
292240229
96228174
606285912
430798115
49895075
633220542
952598254
738835524
369379590
143344605
519478665
267712138
860616885
863998711
828282067
370319946
355831552
517192442
790527525
902610947
861329361
307533704
185622474
245416399
948792917
680366329
912625645
181201837
453065746
639634398
441948304
264058220
947811021
950612819
153459543
26971372
835282452
989863797
327287477
386248870
494904314
536005591
361242298
370356202
472885623
90540733
81995228
280161503
538429449
158593381
642025148
195690222
418713970
254079256
878008304
555451703
601976945
585359254
505950759
689600748
534385669
327489574
781782151
881299432
850466082
548551367
313328340
85982366
531069685
319654392
122429740
376272296
369119692
227827347
512880091
567986425
482510278
883826517
71731988
162955856
154940170
907324264
734473839
193955859
321187647
58978918
900558718
643708433
799251881
963938706
222171745
124045400
675537483
370688809
936660256
50587794
135670457
503562604
762287837
796438816
636436973
521018693
196889840
968893245
653275121
924966121
769429334
55412027
604071558
301409720
281767326
111978434
444740961
662036202
972052929
900477544
489301791
407586920
968942483
93954524
379960285
227407975
469945847
11618255
532359147
808690185
594912883
167805929
593109757
917558094
21495711
643147040
342440634
958923485
277744015
122323005
601700455
377502032
166117290
894216360
824962533
127358546
604820549
142246556
989063613
683683679
702245779
140040871
215039210
405204434
991930586
608436232
898059975
321426983
26136082
735647545
206821380
912042993
368832509
924656497
943117927
561694994
94216336
702663947
450662403
11557791
261499631
150823669
885599434
499417154
225024037
760034298
66885072
628650115
776337035
525978380
732392146
763492112
163116589
142286730
228784718
11937576
430332643
888972251
556827303
599546842
682790283
345380529
746188542
15403797
86296806
452627020
696843210
58566364
33418171
331543091
278262294
273296997
919380920
514690497
344974200
122050563
629946565
510494103
788053071
989689821
346333620
931327713
835335419
270592064
844522567
467459322
673525077
545797317
617800420
217741203
614150095
190781832
906947454
132116103
521122528
63889882
365056458
908275339
208538529
481645536
736895496
820651456
962692126
904657497
928426786
654580135
909883084
634453302
437953340
31986871
705844520
69123461
72160578
515980950
22238854
431693414
50593418
94480997
928370613
548347235
383644108
217232619
554125186
608577675
413531584
109420197
927888979
210597534
855200490
749087302
576612972
742976531
734589133
229074207
35611901
198309381
719592542
955153710
948398837
760376456
948385224
135803171
297847362
455562241
138645513
790800102
615710771
627168167
417886434
229710775
410548334
361407645
457554276
407270287
23606105
802314463
796651100
429420047
239201191
145316473
636143956
949053040
308514741
765438307
489135132
328945611
785394502
91112202
605302249
120021126
306390215
36715712
549515555
831524321
796071673
889427717
642991062
175965198
772495802
108238194
369123962
345809037
692239531
590763043
115827896
734449203
481368992
362338080
667003048
356631214
52790552
284980844
612962901
728440453
290444844
878565391
434815816
298679860
764230738
886954411
414730595
908370842
457585111
755466860
711710689
824286948
688350555
886989736
534526814
774518288
942704027
582918431
244904463
552696948
36683671
153312990
471424965
854262050
548443861
229758645
573087000
334941892
240133511
343196105
258097668
831719848
551792554
324030689
69965519
770017531
790121839
55258092
445649922
675018749
933223767
575548069
194140390
590549119
102668421
445824023
797977131
649625652
417773791
225400203
412722279
372984728
104175481
759809765
245741223
722136177
480284425
19494442
352877999
712531772
48997127
787733810
530961505
744905853
971845623
360542761
561453989
718248372
676913245
664849217
913975126
175005673
155885664
418749881
567911631
457664663
169928660
492833435
992265156
170748206
336485135
342761469
511271942
857985524
432037625
599344665
679938358
354349724
119391677
988419766
776706454
518472716
492653085
956195777
158609759
957532886
592270021
891696578
497738424
516762835
935417398
620727592
95188462
920210379
674843967
951538544
534384948
726100977
763406720
599425888
22147458
476460747
611277225
368313893
625527894
487674724
23106270
124270605
883819819
123990861
915839943
462506973
761343032
194181147
876974964
128514811
190355070
825903049
166485138
96197364
261946308
636580550
946619839
560585499
604473400
65293397
451514095
124038277
837398807
134565761
616141667
229350172
299369295
934625577
483290140
125143225
606233794
641581233
848862041
954518192
744215418
688758945
565491801
989640069
227573045
533481601
417084335
775511548
159364712
556352038
20904139
269502077
340633391
531796324
694083769
797891510
45105622
995071956
554653764
961920980
253423099
317712448
906473241
254376125
779741666
778772799
466012153
136459252
201314031
353904881
676729215
247307264
907123482
754701235
652478304
649581077
169178729
393002659
172968164
603780142
103197132
198097655
759042297
362387695
53395010
900936511
824063072
335905039
162127329
651150012
626902524
369748056
463452048
338779537
122744171
62217703
695082257
857010440
413363071
430932701
139865618
251735483
500882695
695253255
392610296
452533528
767292713
112880272
374834933
105737747
18053022
693251969
346946394
592138369
277286028
795947089
148197414
601994926
257032081
45168127
625198303
58573059
886804011
701123385
552229732
479926292
173525086
467286842
861271943
187363441
535859616
357095920
969220751
721851262
852390103
326745011
479099244
66165557
442385509
603669861
37843821
91957182
583905066
126188561
649597307
755842319
669755436
852841812
459729969
156783904
593733984
822795513
15228891
497037432
261551323
948681657
855166587
41160542
345937637
807862418
406222294
391717912
634980342
433681376
336502786
477772545
430424806
996900515
667943820
574585288
71667751
545893626
932654635
847273279
705904606
884411139
616179259
58834422
672402160
979089995
874231198
365420479
649861890
870541144
78641433
867549917
162597384
386635055
339473742
489045446
142728012
914483922
41592254
635023623
730653695
56471021
574509623
390677524
965018418
542995093
113642742
167171681
266329168
607584485
636940125
177539293
130953114
676391387
476219897
784301841
32639076
645473043
148077498
257981263
133689823
868007538
497832862
847398796
330407956
594084145
218974102
735353941
592324706
650369537
42063417
126278144
704350306
62008944
339214108
465699103
493687521
201937708
573659741
243339756
173006699
712374246
525202637
570227689
883263187
843950722
676199579
182872870
359643715
230383984
932584801
329181959
362749116
418670207
673071925
28128603
258456530
71755844
150419492
133596757
104965592
248289732
168425112
816753130
239922739
661526872
270394021
413571895
443862700
245236127
269570351
734598413
428864834
909208683
921893929
187661940
769697056
579005775
748247814
725656107
192729514
845622664
443881973
52398187
73153182
351838792
237308654
974226660
787070367
253771124
45334979
866589582
76480088
731283937
121016508
721703285
299656402
151401935
358623719
663981310
787389336
765149060
299086328
848351855
641718325
456757862
256890526
42366255
628252550
650248496
61903908
617611508
529052282
255957903
359450690
642644090
227030255
735656183
785829231
363388710
593532548
660169753
277525127
863485951
939444059
407956214
53921610
804088201
403697726
983153574
572354936
522410141
476392701
334834900
138774790
353007220
659148427
798284395
598000153
285324933
278496531
857058004
596323144
749597126
401939092
69045605
566668479
644458691
180445590
901858893
135783109
627228120
77431312
678755992
651615008
54455869
443424001
336337356
647437471
456750043
340054988
375626937
488291949
451545464
349234123
618652912
553622901
278579438
106938130
522242537
505403585
950836906
611604054
187579443
52946925
714215313
242409316
593563946
99279974
129099415
797952538
992244651
535810226
850651358
313274037
424116842
554284889
950295958
379324996
740188350
303977511
414865941
858048361
765357621
713738360
260164566
916087899
208418098
232235790
469788666
546148987
911710896
347848528
480084633
627767927
886755740
19091691
439978310
207338918
503309464
653471864
816466699
813531316
831101064
649560638
458496309
560458480
533308009
682256233
529187805
360003493
859090367
445372011
555860310
894725365
979364697
696685541
31557202
840935756
278716851
166599464
690539451
346147846
636608105
325327160
270086602
451796853
242517897
707521402
372799928
309240156
947388839
530341255
882348125
357821150
813593748
498527359
795918677
217115498
544512171
437917771
939788123
108286835
858975397
320932500
340621861
800057775
345723324
24681683
980491193
927538861
73153605
521676887
40387875
468209173
659523251
670385421
320295676
572026630
259024389
691099131
907247636
61783389
35828114
784840825
958368706
724869078
728702767
207034449
803543194
478208584
613346270
257566594
748871146
408825974
416602094
934158878
466006890
305679556
868061943
685922634
730255453
842431566
399567764
981621014
625382259
816798241
452107693
796432530
112984622
770356992
895980610
383670185
256907945
641589166
659133830
369138148
195287637
187946675
753864764
629184446
467688090
50940021
847562633
448932787
242568692
175991230
302580687
747484575
934759237
46454897
46471598
241790036
75998475
783405535
384322910
942062028
564528568
830299133
673057205
999928576
801529868
939755110
787104517
14589145
13869643
549612918
922748248
775298774
690527894
247863756
264022310
434944433
790938724
262779538
459798494
733111167
295993426
635181096
112630126
897653351
478532833
652130742
89465313
528644907
231894741
989643339
357981199
525664909
54842309
275916410
871533007
832524534
559217857
629699865
105090685
960089508
613215531
468086290
666608187
943769641
271367616
442741407
189525418
593422946
821775156
713122533
125569322
674596242
996322531
422174043
802247955
712294682
345820602
84622582
441305063
227867760
650509432
759369376
921237288
770512840
776154642
810507048
425144418
253102379
380729440
665667974
477021407
655719158
675629598
155708647
261108444
655680959
347526562
510481979
816613762
798969173
146394386
522168897
443138697
168106131
332936018
989605434
326986216
244902942
571417903
306994567
176967729
90701833
410768193
316112445
171714708
517199295
303252294
876714874
747073358
165929230
957728173
558245021
241997578
614123422
350293226
423460430
571572441
224739039
672595344
241479142
658535130
154947817
635303809
271368308
460813937
79880907
912920391
591362476
481451857
253733611
578619988
650112245
611701324
839500656
852635863
618157414
798026330
966124915
902818405
843971332
270920902
819231274
821163438
114680880
698856855
605527053
122315573
294917550
277253169
910224305
361058046
727043019
849421603
353442432
714649573
964746212
918251292
952560215
153479401
567775857
213238580
380468222
277452483
517381386
354649855
743418663
710530150
710409218
500409527
726068969
380542947
807697932
561152968
555198914
477493492
121357564
20494855
158824714
811710964
374260050
678285272
775198937
919441840
477492380
595820387
756157927
303579113
945097184
460248847
971755322
487540556
859471580
868383734
604469986
956895851
380100418
211403772
290119577
795152080
800670924
138275500
607754252
63688085
161431250
916060187
298608606
716449566
428859931
187541725
684979625
656744867
12080004
124102309
639435316
895791213
700584416
10804471
721944783
889169739
189855082
115665986
710420106
92154704
275921772
70806489
241398715
418361769
374747610
371350670
156606627
140410098
28781419
831263176
717992698
198932224
19713605
475799438
140881610
781398637
955685951
860983109
852016009
995140274
66713958
466663282
735687413
978504834
416825733
475795777
494313475
155290340
365612380
123331205
697780597
664800936
853056874
965722524
217563303
569989419
708855404
62277414
56878412
202223987
843987411
122455355
129162261
107395157
128885783
106449745
553885087
336756829
658654149
705204716
174702604
964507207
15694170
97802116
483912531
411830858
622490150
73712574
321471578
899072632
136349529
980977299
321701534
81678462
702023087
404827685
142545877
653072871
78382264
732251287
940092178
133661588
735958201
400647407
648456925
536767795
57050209
966197240
173522161
471081408
36057524
628715449
776361544
19225117
740223990
469167642
124486134
83473078
936702381
879756758
58013048
37214525
304827066
433617049
341375701
762789810
608723640
355928489
219998635
210192226
622123885
254202341
125994064
679509187
439245300
667775070
178951066
656528619
852508157
279192152
909726001
338334934
921208423
806139807
277212628
565610293
110762217
309257318
279321564
347068046
89410837
977302054
192454112
392634908
894585649
963114264
969918923
363539554
937434184
953861300
265657014
546788438
100855552
915922651
379438813
544520441
671275716
580975931
557927721
360990383
848017230
62021985
376276601
239905468
655464859
656839738
351176557
932486928
270442805
854025855
749711100
576501257
750266088
847540610
647501199
766395341
343666858
107447007
564201138
824974156
920161613
33047085
515903910
482686997
161548952
294107541
271463894
668611062
392119047
165260511
363414622
379496193
401758665
726088811
666023296
106896917
729868810
230517947
87298373
138239180
57117502
299269561
692756402
781980925
69355948
110976131
580949425
140892526
231475049
777808110
145196339
39331591
916240886
878903267
248133977
393751222
937356647
678357934
638303116
716299529
627026757
435472040
111079798
221863753
744015868
957330587
925290254
587325145
999919069
942692423
631253016
533141812
941945527
91058513
978857153
843535824
262183553
613609168
419521842
61980154
823709065
864106141
365082442
730768521
471299191
166307529
290166054
666037478
597832537
349444819
492939423
136275859
465425775
384895233
279489725
432333982
492957872
536207600
908683302
593451225
308084877
72841028
797839430
806821351
301574791
693934796
802176438
436243146
393484472
736416368
124436535
579864870
617253327
958334311
335967353
252593681
590437956
945102866
588604062
937431744
86825570
416649862
574481286
97294678
60096989
581652329
237493897
603906739
54150034
749387481
701151179
727328742
141882109
522574476
102241254
28385527
158307831
873741954
751202371
385064577
319644674
562253647
927294741
492391011
56308230
706161152
602703325
666421632
925345587
698805779
249224238
539349545
909507693
105278290
781072467
220685796
481233270
277445179
145255226
996269327
75748117
879208712
476994131
920346944
890800321
881748140
453514915
171748529
296583879
85811904
726741157
666887669
437245287
401645213
214140540
372323135
625953805
57522553
482180378
766199611
878806780
841261342
109975323
395054457
133671663
151235788
876097512
408765821
282755006
701491614
336548612
980245998
287074999
237689184
77483547
345376324
907419465
409658839
536441601
759192850
486250791
88720958
214644965
925522372
187321442
867805726
525235833
40941523
400729948
829940175
975603571
334960933
50062842
883342270
170001203
873143752
682013291
173197088
30654147
449495982
286693750
870717571
430370726
807178674
113757224
509669172
397505050
84206728
939460335
43416108
32419737
88555361
514131605
823006680
887543948
575161915
207858128
996735895
434533616
428657252
579110671
902571873
823102928
271362489
397780467
634179731
226913533
679834873
571991634
325728733
205169670
546449826
330526743
605391699
755810335
264344876
530744973
827595277
411127468
266983398
799549539
586519546
659595540
610446791
339464262
784956213
60071492
428342908
575122905
965420506
163558835
754498973
471470832
593058232
214565350
381153965
150984089
976003644
925630979
60849269
102319125
526142685
968707777
485379143
321685330
319771813
682598413
614751741
991618239
780452088
176427529
112095698
527443285
842259732
570959313
420818392
407508920
630371654
554021697
842633473
855542836
271120830
912389556
730461673
895093377
536370982
777043657
561647747
260928395
438570989
982733124
860877851
882410547
420042694
730596181
967782372
218844373
872555346
285825578
653873851
330612380
396176622
18483576
692637731
20176158
977396385
515455523
706495064
305650521
168234223
892638705
182902362
983617321
101919148
18951256
28154974
436268455
43483773
962622127
711466445
49643548
155218687
562937565
205702197
911163432
210023764
890956156
863734482
477691102
731514312
99417847
192775188
53619850
462886602
104043908
625376220
188663425
459454312
532111421
312868951
520851889
119252641
240817806
168126470
322393442
986811496
774054508
806893269
564035138
628936188
621915396
829141570
486096685
781302883
608597854
787136139
899722729
437238314
676911557
976396518
176330103
200830728
903602472
102945893
868191904
91365091
325908633
910034720
764701288
463014797
879822361
277125157
184360797
88080966
285529011
400315282
748222536
474836613
430735831
29214284
356967141
164881733
274131564
152073704
365127885
327793569
551445625
12423200
293470357
31144361
605760774
629679710
516426762
721589508
60087873
974840669
753493705
755165943
312772364
727477228
524713763
845250815
373869810
211138312
285447960
104623315
704481340
24956016
304654711
985251279
532039242
883984906
386742656
689302023
567999894
982238424
997917093
400356435
262415616
564165145
744307617
115400711
575760150
774872626
337676554
411700464
247828217
501464399
125111089
633921059
525856913
352652534
880747689
301644582
213989385
165821125
16315602
990098743
608290545
727627944
491934899
524537176
121984696
133732963
225377819
998961244
986793491
650868965
761070338
650223850
759545307
351664319
213545131
785004771
798940932
417544377
856472054
922843882
761473831
96304292
369992101
289139353
945577645
867753316
257343991
104246810
359752606
654764998
846013349
783465590
768425626
855602061
469711621
248993299
554123680
770442765
125172133
380088104
858706091
136848861
404922521
479751823
907011473
272903382
243840795
808572310
646336741
504767889
254895642
570362174
58751296
205073845
862085690
453324420
271955702
662517172
618442460
740322140
454234400
537184392
116909581
848098047
943164288
785720333
947032125
153107393
394290795
993041152
206982123
623098368
257085510
434233822
715536759
660143280
648938633
302223012
942991297
635249940
958146985
918924979
611195870
330183890
592109485
179318620
75897249
160233178
372109451
69391679
968463777
510595036
470415981
134891110
801668355
817432279
818248492
272500085
54664308
261857574
508132642
126251578
405305616
389205543
300546464
182238903
111570658
765791124
679054097
430020106
358780505
823720218
745799805
857327188
66429960
748478276
284008361
440068442
947768666
446026067
835390651
984921661
43412037
557733793
812340662
807357303
357131296
888752809
662846268
722644998
449687944
365257870
309379186
998956793
442863900
994197393
706384062
659805599
240986188
225557088
267731868
433261546
349663206
796098161
843069628
156301811
747198499
750307486
389534097
134509933
858550215
716952274
474281318
848140662
114992323
353439197
682328146
192264190
433114899
301966915
816917396
829291105
269290510
499375822
208154588
420385813
21559636
101289328
451968504
300558926
219333290
706178900
438797168
630083528
585771521
325764989
461204925
900564944
617386458
735189044
271724941
191030275
771034841
267391504
67553471
860762536
713847585
108198448
205616292
620060987
842658653
483570745
156385881
660930136
427905848
177177426
491171187
847302468
955577696
574080290
959071704
253607630
514147393
278051919
426172416
372287867
301340397
157817479
636299205
116164500
107020204
165968430
911750062
878986170
554644169
983322765
820256243
246041082
713201414
238813761
971359303
384988391
472389751
155355065
854913136
520413247
407024933
534278243
854595303
711518444
536009690
174433757
657732032
994283954
400242065
964146115
129325657
58915723
150609362
724996947
699473064
774818369
174526611
88482258
155521036
375849780
604648895
353950692
877482635
493225059
415166434
987338404
404592971
322943906
544083459
438442385
686440481
459934427
715575304
216099897
233906845
372912413
417601775
590328208
466007366
930212077
459316741
880750860
145957096
909706042
374900477
926635785
197324651
197662701
874922877
154869976
644186095
233012761
806462223
716988035
53538577
68451666
506132733
848081038
846548860
509396485
858423610
712504263
798030098
607170311
469813953
398290890
854060520
478185906
65087542
687845145
194097214
536890473
499406183
844387756
134229145
439697488
511002175
709529593
625228983
755054101
561448978
32757493
882307026
368004879
925084115
533259209
386498651
283918788
347018761
255834101
542274116
587217903
668395135
637648808
412631518
774549620
548115508
809392814
194636603
536541029
406209666
717542477
622403781
270282124
304243309
666674357
364199614
991733253
607202231
385299818
927438791
533131682
572335941
550348673
776000570
857041848
386530668
440956764
926593660
170953369
847679380
225867165
596474436
802703016
172374010
448636242
650537838
424363195
254688301
697941703
855059170
132307775
613250300
107465226
690143713
935185173
799101531
768656986
722294861
281363893
193917364
87229688
185554404
894237967
920967385
375515788
492070881
887400041
699972723
901635700
574422363
911311502
412178478
244339749
273612902
915958024
350754113
305237962
806877502
142090386
368698878
875890440
788338874
263400766
114510408
973335057
280170449
327228328
553724539
597018570
89078167
715904552
986561712
911730398
88384314
366673875
726428678
801755862
80759961
454185250
648195677
714479668
664595001
966087388
991915278
333122719
322296172
675007353
800987058
210862264
664049779
907091048
948980852
661738724
790295543
479450526
700779452
235733396
28037050
822887234
246018879
584715516
589704766
188426962
479178614
974546685
782608630
287636572
376875047
953713815
913201254
124409701
90345307
800716180
80800359
739731357
225694991
331467194
670782962
638779726
984790093
301127692
602040309
322656675
808636317
906548187
318026056
621533514
806806797
236367651
199734144
972103021
462206890
248480440
954140000
924332912
110327741
705579551
100563448
515429249
237059299
798713224
221604069
972807883
345146645
745013145
72395564
120558676
324716337
150799809
79858434
487938861
136020688
961577342
516950793
461742591
193256406
25966099
735268878
601988790
121847060
479961116
118805712
10833025
692090106
259904679
671882688
462518385
910596559
793789007
853195896
849921208
389922452
537592036
110791559
336450110
705080667
23165631
608054292
693604537
731875718
857650958
484849262
322222896
67046271
757858162
279616056
945099429
440877040
91735489
227110889
308677239
803005867
334786557
249840953
541043069
411918790
592527576
161108362
837462302
839317037
950537286
938492725
819869393
38792429
592009175
939410022
311494647
134625782
603139404
302299298
132047267
489935541
873340674
680934461
681828405
873498999
480972707
212524266
445990049
226263191
100942389
209936320
354984341
349656380
245363542
65489659
229850443
835651694
309943106
908136738
188420845
624556097
398075931
377548161
754326521
793715536
208574644
710033149
180616813
50094370
665495633
727166687
247424338
904180533
311962419
950648322
46271852
237958179
71929091
371021879
664267449
581907394
20617690
751192664
841357456
138448441
296884262
235904969
533251612
818980434
12268862
766107781
844437044
521269473
463356142
780904264
431229905
866009696
281352125
639675493
64785707
554028053
341643395
850216553
385001233
257845104
111349134
986050506
365935035
619930394
585177205
367639695
64424823
932927374
392037357
454820987
419862079
598377838
570886962
197747153
577019346
225727540
387807470
643640615
539975211
32350980
509178896
333404115
446424341
276943915
639165544
383517685
956942453
546356687
742209768
512962405
471896286
919592974
783063569
424562292
791709882
951272534
999044926
192115045
481349248
882467588
506064728
441574921
176808244
967762327
819021221
883708011
722530837
845667387
803931994
88121877
405260379
348437889
145375961
161341326
126096726
753224669
750111115
924586479
412630663
35558014
250787650
644798512
561983401
885544981
486719253
340366156
196636199
805607959
12214628
658586880
199064041
673489082
596323919
431582150
945704051
15225888
395625767
21682192
960167558
955791308
900553312
718881020
13276175
607423354
410006087
572401822
74829993
224314428
306291303
439744367
928209767
61102962
648373996
642604408
811605980
78902145
66788886
711721350
714794472
777428806
101991118
444957428
782922094
444171181
252168380
618898528
972231332
48163149
396772978
195461255
642901918
95799073
700380267
975748395
140054720
881222334
496972376
37147995
786300126
228654019
959591166
370754454
997204005
418718729
398792806
733606211
989432601
667188058
882366678
563869247
182461902
672364677
928677121
198828582
397723483
972035849
429027799
426431970
112883095
608400468
49855060
682848045
529427712
948367188
554984864
532730140
446349659
120070202
212549887
62248232
798139580
781123527
165904588
426428596
636364468
629513620
535056591
446268878
954339251
307245142
10718791
176043258
280498982
413824068
522661978
502151244
304179314
252292136
470881237
970682245
988624249
931263432
138515661
596721933
184367238
330800619
833462272
630608608
725731051
37784672
970345595
997033193
22936582
940697923
323531055
919654298
992637662
743504702
978571854
412768515
682796366
757813953
817837290
123940615
432158108
382740232
17527737
383388390
976715223
87449209
154321315
714746824
22188539
320706892
203348752
83952060
149961333
864184081
416319358
36367616
482503130
110601546
864879703
167541046
119875041
769469241
118159225
830382960
574821446
139247124
181985383
944318379
572419378
353230440
418861057
414353627
139771625
587699052
98630725
607546295
591163297
169198939
525169952
295993224
124468769
959839074
425702309
299265104
260722718
882207232
266197969
88125753
13477329
378142962
10559423
377925656
88449023
510983205
300536922
938805301
851241873
431221927
469110645
17878014
909971863
897805219
590264923
282049389
478262115
98297703
497947704
679587314
528005110
316988783
187348979
904262909
827191168
766434904
892248596
673856190
321106792
779806134
26213225
679999364
69942642
392457406
501551336
86378399
767180916
915051545
732891139
356035693
648719630
223454646
706426739
318788024
626547803
790868436
630271862
639100485
211826897
798336604
633217316
929336464
36918429
429303542
533782399
238653403
797845621
795829956
470891490
329965261
799464368
937127105
990160141
379508704
623127168
405065425
519133278
758777547
796586871
664489104
53723218
971962332
79368198
88401167
523227740
489857659
660707174
276573615
321541598
935652162
677736419
555903706
445179020
40183090
599991155
519647146
648748207
582331105
111198483
576316250
488918016
977353293
581931011
398590194
551911027
166093783
680004662
825266240
226625213
474511111
508181149
137365631
142261890
179545809
181900248
979298990
568368045
399136467
740952664
446188811
146796712
362047270
564379685
788965452
701010567
778209493
751477069
496364842
589643667
652493451
623732359
799784559
445997165
393553614
875107755
686258249
497350369
335176336
454112528
63935997
578066697
221725934
870060182
472865616
96746210
86746412
143102057
846600686
596623242
539981384
689785263
303063089
24148045
629165925
880175390
976563404
409950583
562420756
116600664
124125657
942761408
518376826
296876856
306550272
972109243
697607202
491946554
511662500
948597481
497456801
185570943
944326289
441462508
402525749
344992006
802493299
200697465
524833757
225513254
78884391
106560572
273193976
567506207
256771102
129827343
272938983
216469430
86734930
103300593
661561894
668809953
214784533
935155506
962645299
964642480
374749886
137971290
529913545
293943598
318545833
760449363
78286955
231833659
232441232
446104442
389139370
791968914
395960288
474723257
90275587
581627687
613409263
111184345
360001899
72487434
235752183
82055529
299827602
722116483
678773024
332432436
603171017
661371924
130783415
421082894
219132386
573005503
614697674
444215594
611748417
940618211
103682656
177778927
733512915
924292859
921736197
567058174
337644219
28002801
211849329
290748400
587197249
525273520
958427949
410538327
353552633
802391299
371788404
267986740
883751923
275716106
449776448
604128488
120421670
513779279
928462548
669241210
223175484
259520049
433569211
560584609
918026302
662108855
933483965
123014264
478593699
932513774
458889740
981693777
608676661
865527443
766966202
413558172
88366460
148977401
389004545
732284537
486193938
216338375
387184661
800697196
69836274
33921677
830563394
137480234
249943055
692612579
786594507
769091746
786705470
530185141
569052550
118672413
661721782
445155581
332756497
181612781
147145259
615181558
289518150
568846089
99809326
388325316
550386974
767091751
919194829
200497734
647759773
211746785
236863436
451776278
830138975
526147507
737886776
611153734
814472970
336800643
591964415
100633664
104677365
415691892
869699456
578102410
613487574
446420021
665169513
485973835
484363147
213422704
668656742
949823503
951687861
490514059
547462149
949609922
263672137
143679221
439146611
940102765
189430255
352578221
437699508
628583582
967959099
667576893
750107345
624289108
918029528
304010223
175501984
89258818
235276044
905260399
768353339
352473740
271463697
142339100
702423176
854605615
600491490
214927041
239154896
109246668
737633673
429726680
648887025
961292701
899145362
876529001
486248689
899271636
817891651
134958613
591533900
799872970
797094635
306570123
847671013
971830987
628468761
256179592
902328067
72005649
538840028
820918699
362373768
689541143
171535545
461083327
293603021
884070285
232207544
957014318
239714639
651997920
620135838
262213281
874901085
122361482
18614980
463705487
510211835
17579080
620042528
745606339
710040026
285239875
313119936
651459091
884914371
378722420
304051971
26791074
71495450
641100335
800062437
510198147
336277136
705953473
893130325
504080872
907113829
845648838
228832845
56277654
969227660
682324944
205494075
36146900
371058844
786493790
940599139
589117229
282230600
565984009
947964785
622268183
587583573
852748906
740983064
246137118
64319328
954643306
187406307
700509507
917853842
474603376
392954553
218648926
196193197
672371708
386682233
918418517
626189419
720403550
616827825
751632280
891041290
54649624
350310911
543522478
288908832
484073720
439180400
68464079
223117987
149893565
324501478
310176114
558627976
204350175
180255461
16141222
960564116
773679665
897410030
872511307
298643594
318371247
151286758
309066708
331745446
579958406
684128877
546669951
154725267
270363870
682628582
13970738
368842668
166757124
98015339
227716657
575132690
263197149
305958401
540811511
732586939
743381628
854128177
315723751
294969378
366592201
470849351
918793119
889605674
638827902
87493692
705999709
662301320
585399900
952969187
702141748
224464230
384299390
832127833
264524391
577477507
975974993
355081151
149800921
293838065
208098929
227121467
366224518
684746389
254988034
462882616
586319804
573318569
152784253
178077648
958665407
272813714
580575524
902064922
908279111
703182169
546029245
196877652
685739003
899805412
888123733
907037686
593409250
932187448
307822132
932927847
350293559
792931365
317975395
583774874
955578641
331426708
51506015
333892984
574373754
649069472
221122537
413835750
995402482
687434115
268698758
617347818
515251615
420443842
566202261
592865950
39785263
48814407
227284422
113441445
938665217
745462647
344943437
296327907
207350626
665903341
20213048
249015000
964989096
556941544
314467582
666200600
796239073
230851077
991144884
849554797
484077809
527936785
442500998
691336649
814536621
93816624
929335676
842659117
165455057
339209027
278489222
124744114
788165324
371267334
374530513
314177384
587701817
923759702
244977990
291053784
338467542
772262035
112985590
370296018
926164647
52490037
541927461
26920912
244191597
939886696
235526927
204627933
985269847
13628591
79872104
233887600
464097672
671444185
447194876
877817025
800945324
324380007
845488299
234195286
23700162
62565074
855229946
672685948
748796975
12520273
615534577
735920141
704456271
711708610
482754260
999575619
554954552
736674156
419769422
245632093
174283898
642302035
753468735
622924583
692545352
752340284
128299245
479749039
548725641
380596817
397145432
627786219
833974943
555315787
963479267
781924535
197590400
543472933
543339564
706466714
846422635
328069831
258874325
958312449
271303375
810041378
554918541
42707920
552038678
163718750
204019276
32258680
612364486
824122541
734230283
313257846
962007894
392424917
556854969
103714200
991566077
51564925
625980121
527207824
488180323
490864234
27144472
849009669
261310704
164096617
247107412
74431347
631864180
653705614
417498816
851249725
124719723
880332104
144075734
443871672
966446428
355243784
672906279
724549559
917927598
294394306
836006991
552917578
888486582
538491411
258558942
788424821
846110955
270722861
374822632
421408743
738839651
180713709
934838434
927772587
842713848
439937103
697862072
443359658
636084319
660804428
635843466
149371217
834645747
593292285
413326678
949451012
128798337
545158949
911656606
902704971
984516170
955807085
901328224
16507402
40950893
606795649
838828136
733467651
706555560
856259051
85687629
315800456
191233256
293363533
489194143
472074249
821940060
311097524
265336902
541683390
50776293
975355941
462583561
414272118
175013657
654930088
198849384
399562122
51128043
934361471
803234533
39587169
73528313
745456047
217523198
650399889
913547646
92922249
126924565
529734382
493803428
89829042
910326210
519596039
632198786
537777787
37310137
587799424
746183685
810051057
999409763
346390685
616570230
753806205
26895267
901304512
555672171
131028401
861513093
912578665
644116311
575843232
181394127
410843943
271974480
35517036
454239597
419800297
895802610
36669210
248158721
979641027
589053031
95208660
299546118
950667988
837474078
473507917
537304877
369346764
803282222
560376810
156249149
864701552
95269123
457063322
890311628
253801261
46036254
622615200
784601376
619226242
538837980
921238711
54578158
59198207
636614328
957964518
809405150
758481177
546106452
903232682
647046878
974638981
490525942
689090755
527064753
339461413
277201531
58361423
80458336
316770442
575480759
696577839
492070151
80648899
442472984
489145969
571688877
69856492
172105889
129333103
701058232
928720537
857647165
265662452
657449184
866733913
829929575
535674172
860644202
890860941
688240403
399454732
785039601
33638132
939938476
619587580
583504998
206976950
269948464
856401293
598549836
782402976
592473832
232342193
965642596
765413494
829044215
920776952
824926728
405476575
186052385
571633175
439766580
21342359
209042118
930160922
715272072
917135651
141248592
881624611
279913657
165795842
155525312
497843236
223098545
618987702
885848223
57440273
522055476
228360911
882172202
154044354
276039630
260605272
135790134
750689353
28838149
451352367
622819685
415992148
283714515
337288733
180402591
582551187
406041192
326128573
926329331
645629364
684639359
789105482
628486003
881499895
621133827
405812680
46025304
795087375
253385677
50096705
690163692
882037027
372950381
232800434
739215745
682775456
796709884
666861374
74110079
171112769
858954330
141490929
549959790
500212344
565825313
932895376
864176327
639618421
555547739
601128364
450279191
331446966
69834238
490334026
677921666
166963980
388679733
946487222
773373519
941841607
263253482
148635641
682794256
324611524
127224896
614000389
160197491
211638734
456042100
281498176
522123885
745467012
165185353
29296397
879433297
142391176
603418675
918803460
900430276
44101923
867374355
979258308
32811410
39684566
882374939
330509117
647986745
20446523
396876065
724766549
471249914
661882239
856742281
355547047
592473166
770546224
459967677
984195177
97445988
552749481
890321023
744535518
832374661
420420956
853435202
162390649
35366067
389084346
110255386
427842943
172869586
784642138
192327867
733568799
362223076
340139195
27149262
455714640
268565290
216195035
862163666
53140946
415352337
709439142
145657733
621095725
570369167
687019499
311601401
431305125
32900574
16096937
512814100
800280346
440531599
170535306
516839491
907142999
364581208
707568825
243234617
519005833
629046719
868337947
145935832
273299694
803804118
232271032
803833754
631603876
755725311
625218084
416809725
691261036
653352182
381947000
593899779
499740804
904392625
958023244
408360296
798634680
294125469
487785184
802835409
342405657
446971499
886534584
568168552
595211665
19326910
835497995
610752237
957336402
578523558
370583138
450239084
348005257
657793688
321551497
909360736
835467527
160632332
513961089
209391151
525110572
20953770
265667646
767777675
367203327
556077040
346705648
107454583
652472234
261361888
984447063
494647413
520817961
753709271
105482630
730451576
561834693
153649906
325357780
382968985
434496257
637159023
401055142
797241181
582698125
687744674
69771518
163183918
347187011
334067353
37015709
787075935
188811177
907598998
368832618
235914362
617412129
736744561
816047416
190957792
322998996
355639320
273591510
180128034
373206772
625071391
157749798
120718987
480408157
201877342
601259501
770950086
364049116
160289865
427888252
762011001
899937951
65650550
901060319
558116168
755695440
775111227
991900587
367668377
774189837
486266797
546269333
14948326
730430837
95559391
324249985
399130522
758559993
656746798
158907464
563495278
471130837
77119712
103691594
510074463
179266150
16658142
738712058
599315299
576294069
35797059
292255530
240521532
647355924
580956973
408059282
253476482
169945580
620323173
223129621
718095072
581284224
581015533
415381773
381154631
571949533
366505561
164753076
217504212
286806044
28324665
309433322
842142260
327582803
231975686
749186937
794994742
458398331
751014021
29910068
270767033
216859209
66868156
137552964
950654758
551853089
316573923
488480233
931299395
325003078
235141108
251775251
437396845
392080606
411871008
48672402
689100406
844835115
672555840
283918339
292000846
869428829
762374709
181872244
802219692
282001290
681921468
720914323
927609051
834522677
48188206
78104855
215595592
38500093
561831104
362185216
994112100
431500743
932796065
206867519
374054775
741767223
570686827
216156785
170088074
119620957
413702617
45731120
635643170
524980090
370281128
43703335
552166347
810660610
659797643
576198919
337896994
772422818
244755452
579499828
972003985
85849766
899075336
378392330
126130023
747067409
946197063
207920496
845511436
56525575
376119089
822682844
115189722
630796972
190041613
670151098
729174433
970426105
168729197
78516515
240279728
139662427
568693975
565556022
250814288
938262614
65165371
484298033
354656578
484342377
692383063
156875144
406603471
27581147
340376086
816188609
981032541
658579348
856183433
529636043
543206934
326780217
310232156
237354942
618129084
781059032
678890541
929624899
789983422
259950804
55609980
226853932
60866796
399374197
646745732
891544143
674549415
545821846
520709572
780515886
943610960
720485926
38618773
299614000
21409339
357161353
783446663
548144206
971242979
372047233
149288720
854561709
799328523
363102259
235624493
957176799
994686607
521669525
528093693
595895456
498749370
612130159
725914010
800604212
832910045
28668911
841768706
670935335
138219946
647530536
421083520
377693423
613208470
323795970
608466411
697905087
10308345
95827988
12342405
508974254
627033486
169794081
551893354
383211592
833043058
879694313
65410893
188065849
613708399
281859924
656330968
735119816
688987029
638260153
440659249
346241537
685595816
434362149
519871373
849336625
72156219
116928319
364987664
606388543
683443947
377098606
773044200
426927936
951247521
256226732
999255286
261177782
930397525
429559702
736853294
451717795
747098041
795837135
712037139
439342552
363133719
502902320
982905735
644382918
224258426
457195584
638219633
336207317
103820668
15325331
819915121
403560545
682064862
224062747
58127699
55748905
61195245
807679436
564675983
199001943
516011251
557123784
205019715
51997654
753365490
949769931
670024277
971677763
868088356
16699481
507558995
672573221
183946008
375099409
161457915
164317279
334185973
593288991
917563384
597471537
427134972
329461615
524519800
542612852
507371165
980442961
375891079
18480678
810465019
658012687
38658642
276770073
159177489
686470479
499893068
16807330
761346153
836345877
725585250
783963311
837166837
100747592
343519375
494616393
456729370
240372861
769371812
557685306
508244698
162611614
979597289
338149377
471775360
998352126
492350027
122172600
276875021
374450189
790081596
504977830
217275822
679441895
479607151
399381170
445187717
565433808
664514905
455985445
575209124
594642307
635705016
849445973
102902005
989976631
143540929
643942328
38301430
89774678
973189820
923249052
248259553
639606960
714009046
521656337
751047834
432388073
249297595
521955801
637494044
952503925
424841480
766671024
