2000
589007179
171543899
948619713
953431560
727604574
345923444
390768320
173081976
870941588
523963118
398065218
428137066
515286948
491733170
676273273
263187643
208275373
102826339
199301265
649575957
546879317
433633539
38090212
790407398
410181923
967118540
227420221
21493163
451105416
205752349
104889631
851512564
44728183
545531832
282513812
397069628
633651382
521544240
356921258
236358325
934456383
185776212
231488301
411036785
387824856
325137276
720481295
154974892
860330982
273690445
512770013
971232725
779411213
482451660
599191972
706633617
935507307
934441454
724798179
74407453
623871655
540081699
988874210
348317129
487175272
440404897
668128688
438268682
200142903
50834031
714803123
759571987
788808259
346143803
17071684
902999673
510877305
348742687
949970180
720915665
511741288
294401305
900229970
17104939
64817123
523641802
911734617
143889829
784109160
110071269
719697232
529040352
667623651
854488545
81975458
216523308
726513283
666382556
783810681
304215847
254422285
660469267
415020422
622445486
576408674
26803025
807593507
979799388
880872227
328297085
490847152
103934323
175721515
969711429
291883566
887918388
350255692
997682595
995131838
480422111
999945095
818220786
796596539
696983430
514696154
691673873
319899061
65203027
550396328
17766140
642648785
273728004
97126487
363351367
112092851
153534251
855049478
686290235
961113008
525893583
576559906
550562337
158490533
276860792
805745117
134249790
518732695
749897174
739825964
21086415
945088539
182656402
44838380
11418461
813770453
651626186
134630170
438058215
683414948
940256414
397918366
218118014
606256032
22765349
145229150
44033705
290185835
660691218
599383314
504458568
228809321
868405206
565091072
251679069
778319428
109534427
751348554
116771736
227040386
18036333
829060066
610161175
551069084
843955072
469426647
306093252
976778557
209825248
600735951
198404945
546603274
196743747
429122509
787442809
351573653
293841510
923172277
779198157
174777359
737154740
688689332
556442300
237856681
638929017
418293779
458341439
560043978
356420411
437113024
615219397
697582533
817600528
380107012
967587884
244429526
198586909
759052789
918399957
621935558
433730281
810018343
654244383
268275810
260764215
875106891
120249566
540356645
311290981
876590896
862298257
202851999
294924220
494174196
619192866
399409455
229278533
318462104
375799852
370170818
297325986
633345871
485411328
638911929
528698638
665363416
561853688
321965310
76424730
515008094
307599804
766100557
339631807
750106535
104045065
307481525
137416163
582961071
163747645
264195408
430428266
359046929
557146233
188385558
893192214
21364877
323262634
251422932
447688422
281742133
239788272
797298356
493802068
741734863
717142082
265054411
530620718
634974938
423948201
33148132
690519476
730256789
60896942
180335759
785231825
547955418
230019804
98078712
62859077
410328845
42910566
149906772
896710204
620653653
742146634
749585843
775146004
228887393
909894540
232490812
875673164
495307891
382371183
256820956
405101333
962031056
194848285
301942860
510555039
296788611
380573020
967004203
605516779
785913195
677610227
189827722
941534664
978250242
35439377
927437030
482613292
179578255
548977630
253363692
821639199
101086037
949087748
157381575
229025605
12853215
593071401
501721726
261660402
119092732
549241392
843915450
204858740
809686287
325213171
992562925
997579980
135972072
648064866
638368309
873652709
575615222
662183722
343697302
757467469
380776414
329446775
808442831
442208801
810221353
25732907
204043286
428013700
430128646
458689791
963292682
504187996
803792403
395509629
581287436
18509122
359740046
701169216
483741730
166734751
875626671
514627337
527888924
320131426
687461563
455893720
651849508
143251896
982930767
109357176
34229634
123263319
46975546
551847851
231635424
575023580
446355842
338690148
100818698
373046758
693956947
624456016
811412631
439596176
783967967
213989585
231737851
459831974
67403156
270069745
228379625
177638213
510619221
69278700
381503365
582375265
252923931
582721420
631913601
372291170
286992890
672642408
564892166
707439613
126303879
820920691
498445899
133301547
468331096
67557629
174898421
464678958
431402008
270304502
441802728
253726566
994934121
748725863
125607228
609856580
384743013
603638360
483493559
169573257
115831205
756183300
268441923
164913795
732654121
441197467
313425903
109793984
204609661
584838028
195734616
727306982
135496680
778480417
118868136
280607572
280169696
920706881
180136471
556316775
368650520
36527404
75785963
794228172
236571742
690589928
358442042
607403397
215225095
438218497
690341868
823718778
158467151
217785389
446697375
467415791
231905499
391430063
873390411
760934660
180753059
735229101
182675437
959019702
269028449
514463723
823287959
166707207
500994727
130351795
928183420
982755619
882049747
753204352
469536807
601318407
511714836
52569014
619574773
517351766
125720143
695738048
45905632
279166598
330614902
798073005
427015428
357505719
163454330
433970305
412533046
974602798
177388222
676449863
955462123
890748190
77261150
278241754
119710920
877233556
889718545
384008038
410077498
148337967
547946383
849706737
252117383
382255584
870982493
28870797
841200010
553911567
61418618
203611748
131805657
535632320
654611391
150237044
927252575
43794902
953300379
683531472
291151823
499358094
809007036
865281956
134960093
369404411
906274339
694309841
592261754
812360559
977835175
783543775
567539758
288221296
245390819
549388696
84774894
385475571
516906648
116816139
854462025
229462864
956839707
669124004
310183662
143119460
322001391
595100362
311566051
888221463
842944705
725920653
458763423
599875338
271960523
172851547
436015767
417155548
800881588
378679833
876330202
185943140
612627352
510299982
844849354
99800047
242596928
750934663
318345786
306212298
567683297
953205456
207464736
581888312
777117743
727281260
426333319
527943069
688701665
219044040
63445519
65405026
232080713
40122183
234421037
381212956
572348906
520952947
168875860
816556393
637684562
632893808
682990605
521795929
274724181
82812632
177179581
479204111
881936761
541579341
731626146
373222673
874542019
734636616
19879609
71429825
664419205
760411259
770251896
756083890
454743389
328457969
263425325
318431481
111328747
502016753
721842751
424014730
270549574
322941929
866195572
745692634
661554452
519925777
226127413
346096804
844101710
685027830
636760950
849634484
13867237
922085686
889185986
932513864
272780713
979105134
603518637
708899377
84333726
149520162
115764660
200995680
120674801
206407227
881121524
47573594
17121662
191633658
951062117
110202220
934225401
26927003
255275606
282058593
371992648
125142072
886810352
564679227
619885049
661764826
574100392
399804820
127876607
446707691
61562992
44729495
579827835
98298256
233986319
31327481
775122400
36929043
998476078
111890987
675482886
841800707
871909868
974932324
479120885
858080615
502554071
340228745
704393195
145151304
845900399
992166684
893101684
853503783
519419476
568535253
71923231
492294113
836629424
878955385
480737967
419045665
681437268
460449706
321643309
451726368
308627655
652118522
930651329
994257172
450076252
817547797
173453360
395531920
73984156
323018938
318128515
698450837
371332742
268387598
946472465
979539134
957431986
832796394
210979536
386144350
291257446
443052680
703540856
10345062
467717987
783107226
892304460
927995593
649324128
535226681
207776914
877374438
796744212
150564515
907813244
314641888
502046247
974982441
67272865
895888517
22919390
43382090
373622062
492520690
164807069
542883409
774018774
947018033
801496735
852138998
88475002
151720045
451330882
716633352
770078638
960175257
407856257
540357613
628513127
415365254
10482891
192972203
314399277
440647596
599542023
612060166
107053072
633395054
334025206
733006913
744865043
306145377
643477494
421705174
549018134
428835101
570919400
885122065
853672451
268670500
832291069
141119344
765060555
674330576
744389505
710684208
519313364
924000035
241136744
364937941
936419498
775137505
688925142
864014940
250675265
884873228
191156298
64237656
940838517
221897087
286293364
788430657
100002295
456459552
495766187
677258864
779005492
950543597
360547159
751284905
729509265
706355301
921683342
776831665
40344507
601037810
221110172
585001481
837164304
763063049
227564239
929586097
842749790
198910912
566472529
263285446
633587336
497423626
276819635
147085832
726341552
560326758
93396962
883952165
965299416
595678418
175379754
148710574
578215141
510088023
173585101
207856388
766374698
383164046
642436852
799900101
820055729
84665557
350588382
831360474
869049320
24433590
443122086
70792553
957994380
70247800
254304737
553304809
159618189
988022936
259270862
970082466
78161948
591217587
688577906
574287864
888469213
291678553
39389006
594619541
243802103
792448558
828612298
94516078
23556736
813808573
225520834
285402038
339684459
742198489
107604016
430706020
180121346
637878524
160842657
255597217
395582796
296795505
82303687
85074900
487832529
148742430
148069175
309038419
807972119
493665719
575577525
844347209
125671247
55379454
919149553
728286739
439406514
877209078
493946061
259307716
294997134
570779039
822469650
523914137
104873895
986037964
67965721
802211417
830844814
506959800
742210056
383130066
394953290
527981336
499259505
290113275
214216893
244397123
742164659
691612657
902270937
630736685
926180276
149120596
901013454
733539273
247125757
144364840
522098311
65330137
623581202
501310648
548987946
179024324
664446464
882635531
894181422
165114981
508966906
872701052
631432740
379656051
801331824
898772026
641383693
888900472
129648046
178069459
695427963
47355733
444143590
383132134
525042633
174910441
821415624
630226045
76237383
660017124
766366746
307552666
286816437
169174509
550205154
947854478
538852120
193929522
935565730
40179737
320049938
321347145
277881425
140184320
955382533
627599302
13125138
335454676
419984282
288810528
311119963
611206361
595873176
764632605
908025072
894929334
967573034
116552959
137365966
645326504
113702079
239167123
257997766
502131959
620908174
862007268
569531864
612910809
188651106
446057782
440252679
96620833
620493716
712284011
391730861
902367424
617319145
934324176
801700110
214664795
719432355
873849034
820323457
789607254
677117312
608565272
438182713
985094466
820538523
366204082
558004253
216071646
622576627
775685644
517903349
391795564
894874122
55511955
772878261
254721637
116205790
896893675
596633019
177526613
814786767
658293331
75680883
362225158
836854457
609875317
891469442
798347534
905856956
844249680
572744080
457168458
370575444
789431883
711878794
647803605
554711934
882797456
779062131
349024718
185053610
617533017
576006291
557928656
327112241
292678476
729117779
490572353
504908620
899998822
171199302
911411931
350726168
931576593
871613009
55845682
671289429
36100277
976661617
742260103
469375280
768432079
248676307
170403363
387374319
850111713
799640958
401140055
825012297
252810506
224260858
976288670
175459072
106194422
639697080
140366241
59777237
439132408
644148483
147122144
66886090
938441404
544778774
727163317
51154647
988020746
691989684
625785220
881606363
216893635
459608297
334836442
103825086
845325556
904660705
469214201
383187967
199696692
640852632
320587539
948070440
923108748
904477823
521337027
405925512
829457966
446916647
778079065
401694390
364585665
602800252
423335429
598391463
334589094
505601127
311360969
303418762
27164526
735531297
254825252
324863240
10495748
874186616
674279535
162761665
186636894
21630347
835511114
207938477
698724458
679115918
909195305
417671341
369919079
705401659
870629214
205461092
296684356
33424693
59327638
638807397
453801539
420115727
657397032
685578547
545242134
448328793
514676619
430969750
242971090
259108348
776858513
299874475
733408015
79425851
476776218
793418789
601990062
660376082
487913199
236356727
397782955
202496346
816562295
117703398
256094337
873812833
312975886
742166666
623371023
221294360
465198122
62841103
300430908
131764829
490654730
301755853
273444042
635095452
38770598
43964232
750610188
158189870
299638570
453387190
731732825
843640128
849514280
895842392
244992749
188519469
694446950
637926080
174975458
918378728
559673524
454410398
877653294
293678845
80309057
355803251
828362655
506472475
756322879
642888550
482268685
306019500
23491520
825061445
833286168
360086091
178016457
490943414
634561702
349268046
751863873
304099596
776658701
656030470
560093274
593598722
504330604
672551209
252314793
410752521
567767194
728327171
124258441
407583073
548056522
705706917
176714420
858627828
982298230
386413220
269495241
939221687
202025069
690830100
816513544
834420392
914112608
973745178
447725700
489525895
537663880
588522915
99881028
230373576
553761590
948497332
202493992
311251846
719378686
614884837
948070232
902860135
340899058
387514713
13828691
797113805
760081222
420344345
370165582
21668183
593789576
793238695
675990888
201616267
903053356
257470020
887993429
142622607
522246865
953291432
47930590
768264755
411314958
626274562
95184256
980920759
997663632
943894414
255821950
422128854
47764750
749676466
724432204
535200204
757594783
794021638
304018020
724456752
622118704
752411124
703891929
167830901
972119065
139889096
197546208
715109897
237604538
548262424
123035008
239018214
61166338
79357775
593349288
741702636
443303776
500745183
853511997
443683630
949112144
480489059
729241054
760981830
932955257
206931694
221389088
403689115
846509677
339841963
61633060
419515139
35883236
882525787
466993611
505946534
930790051
156178379
906422998
636675989
160049415
703610808
592991631
76382651
39781466
411911620
314051512
52295467
332899221
969646584
123544345
959256125
603615961
375134237
333845394
203009792
421501508
266854571
100301849
910934537
16618184
528512941
51820809
458548600
301382606
297780602
715001453
916937582
862602520
187376444
297137906
820815918
718486844
140905598
819505645
222103081
834242945
637319832
374495613
163813549
378760998
771370870
274165565
65140012
884530924
649679843
168297725
843607684
980334122
436749659
566714080
477591092
771812174
261345084
660548019
928013553
122435492
600343394
476956934
723500496
917803902
605269472
357000087
151053839
554818142
787934779
350725525
837629872
579197431
73982288
779267682
457626422
792423257
120422943
216695095
51776932
752150930
237264036
756846023
33216540
128321839
538119157
939015935
233548752
726511588
346073209
141039598
17592573
297389691
337819184
585917839
956028831
653931054
157686242
725813593
163397742
949581239
964136494
388090005
297833205
671356766
790808098
408292998
875510984
874183442
487599042
272028012
614829577
704420510
395324253
868057518
413963196
643227178
483530203
379615710
666837378
13654565
420546142
656226010
210696698
580157646
418088330
694296515
448353385
328371700
803144148
97199341
72368854
906688549
198572685
453082420
846074698
60037529
941309072
653817773
772809481
893353569
348312569
806854563
955585220
428973358
105528332
464600331
483977919
69644328
468611567
425502989
429765891
739021329
248348504
828665652
926198994
459871116
132890272
515420592
328268959
755837834
786001794
899661706
62316252
158814561
367484010
500307477
576554888
322981193
336149795
227777227
511606590
882225834
294528064
748063072
959710083
152150020
549288636
166634918
329529452
593773585
517705490
247452404
108844994
868877349
422476164
330731566
17403994
674340541
262586650
383640587
514610727
144182063
265117766
418648814
28930326
88544132
443509586
683380318
437856530
467859678
928622148
128953363
37106422
965157812
574719257
724358429
135518093
503161266
947978431
722393731
457804395
747594807
502079625
958572282
955118399
151510278
778891738
795000300
951689960
261149356
825812428
27861386
73426570
369829014
53835629
810936749
804705936
756818769
289917014
71218559
201392891
251729735
511668620
189242259
233873765
780969014
462472694
754662951
333558374
694594789
885554073
356968421
566454230
748908465
485650683
877239768
381912781
263780576
464484080
798034852
438857760
202830207
81395985
235951142
612013563
93671758
756338339
766744323
755240267
172244950
674990682
456024534
527151290
192117582
771029880
677717512
354073203
269351264
91878729
572517140
229341123
494114089
477095635
351705632
174244519
550714303
421375643
437059610
722598953
478985711
177332423
441499109
649240501
516231034
980912078
767645056
452846339
392878640
303150550
583269928
166288766
239264910
726647459
926386459
844432684
344843262
665993024
367595070
847902983
619850193
338799097
174210772
328065127
654374059
875685417
507820474
890749383
868535485
750287336
950016584
492791643
370709389
611595038
812042700
516337580
392957025
800775482
199465090
747323879
765646291
166647215
415044372
230314595
695930699
145113454
689039621
732140123
967182615
285341995
783743434
262944267
162211341
343888281
884145629
674146446
167778465
532250864
641104677
52962733
911708657
249031926
795796231
596599596
895913939
772835577
496927213
265378390
321507142
449569022
799701217
124079855
721021664
203982361
971213851
125550078
223032626
888194168
388424280
463191081
53082162
432504866
639237001
892880361
680328735
707553100
934844556
73073357
428902294
617650245
796554519
191466148
828519683
787146778
410399443
711216794
386990241
217689127
136100968
893527482
111164423
439824874
416320146
34937126
383105709
326657145
414629058
73149333
860343867
664867752
487677314
629043086
953009581
554018810
468535444
294656207
249488089
916725434
237757830
377491530
772824120
72189623
639309915
954283319
544732836
872598086
753491988
175159161
752490359
339701811
168875969
676196418
974264045
959677819
210540295
929095834
810558938
56491907
392688010
466966957
407846987
660694149
731916098
296421758
181450756
688268126
183341254
183139398
198639514
403436221
340452080
778865869
342957814
469426129
180931094
587087769
80160671
752543764
146682449
815185428
828023684
346610660
593342932
721547956
177005579
39962402
425672164
156053295
682646031
325530674
775204671
144313873
482459376
42214848
66489461
914045468
210796119
979694026
509804314
894716845
804009709
574654768
103219318
768921047
219195851
608163314
994331540
272276910
418929697
898188401
956149243
219316648
212420177
546360549
509510082
974699268
388061663
772279155
593052290
567221817
895949296
563249701
505901776
855193370
468479946
212618864
689572589
909001237
559518698
891167823
864836451
316301673
237302042
892821508
961066442
993463195
717121615
112510536
389023235
375724719
826748748
133620699
267631612
520504882
90999989
915299552
904372246
138834702
370921173
29640152
206294735
754065298
64862971
373267631
351113506
743669300
369005961
935671626
985475589
393263965
980881344
656614033
783880256
681574951
213311545
54513490
646426703
293768311
670001341
289319724
663204453
871490983
800303964
392409956
928971597
902549725
428620876
389391501
421375308
168593816
896255264
828889469
533644800
530884356
239081735
729881479
625545243
151568011
89239172
658423043
516415170
875015396
970770975
228080950
76595658
807048338
277003820
417749982
548564883
861849225
654714482
858183323
417792574
179201684
76858004
248077304
835785770
283696963
727060034
513193415
402110500
286106881
811665196
118349922
744563115
484913841
136663087
289025182
798835350
911197516
345594860
891800626
924045940
407017865
806740219
937418359
774802691
481911063
517073299
911512781
393124669
48646225
707054416
888880286
11626651
499745482
617481607
934062158
408168627
552471373
898195364
190354820
512206491
683598462
779590324
510803245
419560531
351241937
492488248
775446209
777541569
476339383
750969841
238419237
853718912
51977595
201535045
657495498
396748675
89423653
80131084
490622533
777180812
252389391
240808414
497460301
761651293
615283108
285735880
534362926
494794002
683623696
288772255
297033209
781348773
478881387
423651052
409621094
752548415
